961.8884308960279 717.5627971149995 1056.606107970585
46.40392131044952 721.0508856604547 1429.3009375060226
1075.092495578116 1438.130174919945 159.74504134745908
48.08607779969157 433.6121595013416 272.56386625226384
216.1610907435675 1161.7626811814748 414.9951201291865
974.7704249476013 515.1840332382483 1121.1243941590974
487.84887789839405 468.9815953681415 847.3633142087199
1214.5671156025965 1161.9334107742197 447.98906328657995
1439.718195782168 141.70144226012692 304.991320639884
688.6937256581914 183.81130528669155 999.478142473928
1445.61412063713 1304.307622532732 1394.0980983106479
849.4243962874828 1390.6435703854756 1316.2590311172962
1318.9322288881976 1453.650793907894 413.8389760727139
433.45194620227204 1398.3395113063923 586.1671873155824
357.6207887332217 1427.9701492589804 434.85469118176223
431.83396432104445 1317.1125112994189 721.8526435972761
584.4951164935584 530.7126173613306 512.0194599525695
1396.1621842372926 1320.7926800689343 1027.9080064755765
779.2931451640688 669.0262374788225 886.0541917475427
896.0191796123213 1413.7204773213468 1429.2875031828964
1435.6128164062925 340.7784024680153 569.4724222308389
16.292353655086856 1209.6707288926932 823.0859137960749
127.86180376283842 0.6099990312020711 510.3222239351703
156.43541718870608 1051.6127424163703 962.3136020942896
201.03315983802878 1413.434423839018 882.6494625004541
1281.7286835664077 65.38729243024932 1149.798057391941
132.70047695650624 1392.6131106202754 291.0473639732971
1262.0920645790518 1118.3229107395432 1452.0161134062253
1066.6287411311284 1175.345600748119 47.47637529386667
1158.2556134790468 55.33215573757715 997.466965940985
460.5777205720347 701.0427559438472 603.1737619124141
85.19753745197458 823.7448877136663 477.4974682528386
1150.198328547822 629.1963345910566 273.31295254973367
63.377907278498654 82.57360585749815 400.19987969238065
1322.4243534494883 1102.2443086060382 76.57374569970922
332.61468927732307 716.1805874805652 362.4935944286442
495.65320136768634 183.6771412277978 642.9028724300225
1070.9146380785237 893.3598384641992 732.8040228193798
1075.9369097048445 1430.4510167452277 498.443557278209
863.1371206427664 1466.6925053829448 750.4772768604562
998.9926519136989 1263.0249112734482 1412.792060060976
1431.8697199567669 435.6592418681366 864.7312000920291
139.45565272966658 968.1954939756652 442.66102793271136
518.196475163112 510.20439460020765 384.81809245713015
248.69453747715082 1160.2707216667557 1089.7027017860614
741.1526317088302 675.8417452144612 1217.6023717464966
413.2168819842173 945.6410910525304 466.668924539113
1077.9634452698963 922.0485329749134 888.3316822006107
284.9124121434158 1409.9042131939698 302.20787667944103
982.7326844081452 1051.1225725886457 945.3340351009546
831.7326194602318 993.9779296215935 902.5588168729545
1192.5329686385403 1096.8992993643194 1354.598581015552
1164.664957534007 554.9424319704101 907.5912402523271
282.7558975618268 1130.662718654788 812.0891782423462
782.3107995286392 1453.581461334229 19.373201307318922
1395.9530074626184 251.77640663057028 838.5050156334433
885.7756142627028 540.3597717688559 689.9573473986603
268.03213783453936 870.2251146038284 78.33833368084413
1200.9633888014341 275.16717338120696 15.411788537526919
1183.5118554563817 1464.8630624901361 844.9069564300363
9.025812575779902 1414.2163391270606 1144.2943110765445
1156.3439558352914 1438.6521157503591 669.8427184535469
151.01881419879405 477.0485937289749 1423.7931034561168
343.87973190507046 830.8221495359834 852.5707096613876
563.9249259236836 1303.6799596332896 877.7573452616688
887.179113488281 535.5362359792831 387.46739347874575
1181.5995398198575 492.2393547951755 210.92228082183837
1195.612041941407 1334.0016754192955 1015.3573992370781
1015.5078812899344 1165.0218211472666 722.0390131577716
548.8140055624946 1057.6797314868563 1314.7446977450213
444.50812132841725 1190.0579184557707 1382.5283494146322
677.0104208009898 251.09747064522415 843.5272802555943
1111.6801406389989 1042.603851016804 1020.6253151662959
539.0509124232213 779.7786963569617 1426.0492668878608
1233.6647370295373 242.87556237142522 421.42208068019124
1119.2896825121234 142.6695293474941 417.6721143743834
1471.2272777524986 1031.4185085052516 807.2833125157246
423.88339972979367 811.4607680508167 1371.8885487480898
739.1907031293459 1208.5178312047362 1061.973466073948
1222.257296892063 870.3653556851616 413.14090311860696
1200.1905277494188 1153.535422609027 1054.3631903932635
252.32612128655336 317.2117787856106 555.4535329291227
303.9043895797292 468.84788754361114 205.5670692439164
507.3908767942136 1166.0115653482587 226.2671743272501
876.9716781021764 465.7033155778959 523.0941463146635
978.1520806777894 54.19661842026181 367.5624516742972
590.8801303564545 614.4152891268197 851.7502006197881
497.79399513375523 1035.846314865588 767.0514640293222
786.1736401007275 60.80729656385019 124.2233789818798
272.7081084664894 1491.8979439272864 553.5539644336425
1315.0111930527062 1071.5092680035089 229.03660490455283
1325.2104219655257 1142.489037382326 784.8558202087956
609.5244729639215 1422.698750615014 1427.0264231688654
682.1611046364646 1197.4989749500044 1454.0445353756813
848.4374814631739 1335.9233014228223 352.03260060761727
641.2863366285666 877.6513804229228 131.17636409471842
647.4564421590756 280.158009042053 1092.5136087283593
1391.1830186565032 247.2315393129267 1473.2128384232963
1489.779332470804 856.4127943298834 1134.60887595587
1148.757920688656 776.2470373963313 699.6526685941583
764.7318552359063 550.9184184120139 1371.204444919132
1142.4903420538428 237.5365940207007 1010.7158935932127
281.83498535407335 467.054795291646 1022.89253326714
662.9313280672246 658.2201433755816 1454.8394138673273
196.83741732327286 345.16551281108167 977.4783045693565
208.29410613462284 381.9286710778851 1255.4414523026828
895.8380131671394 681.4558585356195 1198.0605684986128
1495.1630766298254 1156.9621631196808 720.2511175572354
1416.1615214625435 496.25954123087683 1497.1362382895995
873.0864242309253 446.23305263011514 1057.860883545806
66.86919296926207 1283.6144905502326 692.0513461159287
1350.34565576087 47.322581997721635 909.598607003032
259.766621639989 599.3370673251995 1167.3932097801248
344.2488592054434 1038.1164088380913 1383.298091760932
322.3737118011106 1087.4493404057362 1217.7666351863568
5.8655657928560725 753.3923054574617 862.518468376193
132.7565536412477 349.3079790535268 1399.4002037425412
1289.0711908010462 358.5054543111417 161.0887703897981
428.41288007308634 964.2872592002906 1312.8379786700957
322.88357670332397 122.6011519430476 661.6987474810344
1413.521680979472 792.2640306024442 47.51572585563191
51.07169763348527 1481.4174032354863 1304.5474776764954
704.1670832441714 528.0309172387916 1102.568929286533
1333.7285389853769 1433.7033427913798 216.08468587350075
927.852310088697 953.3677072591521 802.6564595752828
268.6572132764644 1185.1335145322398 565.472174017837
1187.1189899806004 151.84320817767585 1251.5699873975302
372.3732963406754 878.5090789803675 1447.787126036527
222.1462568080603 1348.3803688287715 452.4275266463665
1448.0304057366031 876.3304039474385 759.218545360994
426.9813892954789 766.2642203443127 468.50993400173445
390.4857113902491 1456.2878683989868 696.9887249722868
734.3310829835764 394.75433933127164 142.79867007977026
1038.6994164828627 599.8482115024456 418.659527466487
893.4216115920566 1053.8199821427204 576.1503190469425
639.2841422987944 416.386011863476 838.0820024367039
999.7639820272316 844.664026198679 46.893719375284995
1459.2372159426266 318.2827815401064 57.68038895103454
1026.6075455520727 463.97433535209296 294.140563565253
107.32303894007936 1128.2050779448539 97.29805358865838
431.31462813721464 543.9779236663296 1321.8016755831081
1054.537094041697 952.5179293244856 1424.7712256406517
1028.5844122787607 430.8936548955396 827.5984329945084
1108.3897984705686 871.902281480861 560.4747275200278
217.5280448904696 778.9304584726345 1438.7316040584396
1482.524716097133 1162.2042584622955 564.6843895778484
428.23035672694266 447.74370933432505 1034.8765617857684
328.8953027011899 273.70371431938935 131.23713388444662
545.7079193749065 827.0211644463104 1024.7877610406763
485.3079360989285 435.15351369399696 227.30314456417864
420.3054360391633 989.2979646189399 604.4494698002503
962.8477001085747 924.3576686786271 494.7224775485935
5.116077021984438 1473.2594049436427 877.7711588551518
772.2334090082516 827.1066279010962 219.35154595358807
1315.1562846414731 698.5385070916792 1256.5408056486142
84.84814193519625 1352.3517024082983 1425.2005347365703
344.5173337882479 97.27319157586868 459.99895969174895
840.0021973398452 1261.2729053752778 215.67549335632515
677.6262849257193 316.1993509118843 1254.1722154381912
270.1818765611667 562.4982069829831 771.58349487488
586.5024970214633 60.757879767991 1357.1842754771021
737.9165463283942 1494.9925458395428 1360.2441900284036
1150.8614898702192 1470.507065157803 1153.2429506133633
1409.0022460987573 1014.9705614635335 1194.1113490637943
435.3332072402237 1322.3673827552584 334.25244013508154
195.96064452801608 342.42332160280574 210.6668136107914
1336.3216153766796 1379.1946375490852 1136.302139969177
779.0192499634892 691.2099857139232 449.09091239334003
516.7510802663506 570.4829186144987 1411.2723767939653
1102.5206164420104 793.7187715778612 311.2227636440792
1284.0746847199641 1033.9389620362276 1098.0737696045308
484.57273556721134 1046.6808985064717 956.6835051770666
900.0430583734748 1185.410273093865 460.60446681316307
198.2398646866373 142.34083291891747 508.5528922518898
1424.5752167163373 603.0170193062668 964.6421999849698
664.319892298661 745.9220839548078 1003.7151624113081
93.0898890388534 611.0623920283181 1193.4833766277156
1208.5391338894115 882.2903539573772 825.9443437152236
923.9033184240504 279.4216219539866 811.3958181939616
204.36293814248646 186.91230081375164 748.9108934362192
312.8358491159818 1472.6590590421501 1301.466190600621
457.6355704178056 1333.2555476331734 1302.978219910681
1433.310909321947 592.6406500743913 787.0156244328368
1455.3205142748623 195.34912976073025 163.23449547008488
720.3509897804983 821.9843353370211 1454.535812789207
557.3982049546888 1213.0304170809 759.9383979061012
339.16982431734004 1033.1590085279815 320.6771928055708
206.70332939355882 566.433416575945 648.8150900926496
339.564325881992 1174.4212123186198 272.9626922495004
729.2146354724766 1222.6369641552708 1189.2145007434092
1495.038389809639 923.4052671610227 1268.4161906722215
254.7782532578252 1006.5260472554571 1089.7944441182333
237.21232256758222 923.2155594653259 559.6226835498103
1054.7604151437743 300.46699956998935 388.9899779684544
414.9543327772079 944.333564838933 1010.3709908135841
1080.3629470569242 1384.1736898453294 935.0431253205385
579.7613800501099 949.0187792581985 1091.7285778080434
52.62161230638979 419.1966932118141 450.61535541752465
1129.6484085932761 370.0211187891636 327.9739429693856
601.5159314493104 412.4204041897096 1114.5010711654643
1087.1807259887842 546.9694261112406 1435.3072326435085
1200.602072730978 1302.023163276483 562.3733500940574
507.0370337132831 412.9088135238423 1291.583392434065
1139.912888017225 40.942813460113726 331.33401680538924
587.8863257202621 580.5226733964992 257.4429921345791
1441.2058004132846 848.3165802851805 1375.797628547441
496.0904475841543 335.4061267607065 954.1902681683646
899.4876393153382 1195.1624896280402 658.7058995889802
114.22221779532164 647.5291610049823 752.9869597030124
462.65450439379305 1450.487132613448 257.09401028898793
1309.3934067049206 381.4346370943955 1486.0763207868538
1459.7035447131298 1327.1699836701348 592.2234286119472
1270.9424430268348 431.7615172207355 662.367024233307
528.8547035278704 168.39705866058546 483.91830395806386
1352.57435685118 449.94113634065474 545.9166482343412
187.99666958785377 1309.391923757896 1124.582578834734
808.6880914701494 1357.4166716352058 609.6811365673993
330.50567998934144 333.15714425066665 292.4279805521122
342.74702039446527 1367.0970080134036 181.83661833199
101.78457737088934 264.2019069823963 504.53744386075084
1183.3497213643209 1261.4999993744843 839.438711878795
1130.469919464896 919.9264572958948 80.07371855304848
38.78670853755842 565.9078596583029 648.6886863014392
288.6937588718456 1483.354960733594 1128.0410905863894
357.2520247688705 612.6384277470725 1035.011791336433
191.0027839306841 774.0970579075903 310.58460332948187
289.7448554745873 834.7252510590995 1306.179805047408
1380.9734290189817 671.2064583211128 432.4889773929922
173.72314646894037 675.0523045822314 409.5629544340485
1307.3738969416702 791.8482119572558 674.3565391264653
507.46901647028125 174.88031200750856 1101.1127129016747
580.1588192082058 1089.8995592816993 655.5529892828251
902.0031006976627 834.7856927763196 1430.4820669643639
1173.6183388596826 210.888527900482 261.7212512162663
1422.3643205726175 456.96742314328634 687.7765607563059
1142.3800119470538 30.351171640972836 1298.8463791393235
330.0726269576616 121.7431952853234 1193.896784305695
574.6985733525631 1011.9124815427148 94.88648355716649
159.41742224269422 522.8057983060271 239.91088417159648
64.61118676539377 610.9710282519063 411.39241103895966
1283.8908882620326 833.7898529547604 1387.735243455799
254.64700044058057 1116.7717370285645 11.296213362297246
492.8877443537308 448.42614815652684 659.0706148407561
696.0268018681969 1074.943540791101 355.8073213986725
550.4855685820778 738.7352147174579 45.08416338011881
834.2934035278628 1141.9183201839048 319.3496703553382
1432.0287781425848 338.56359945523604 965.3314603981072
914.764511814657 623.8885864784174 548.9697100301978
16.148613424528612 1100.67819556062 1202.4388028246653
1264.0576426000111 369.0280636884586 931.8145500561179
449.97766832523985 1041.2615244727217 1491.063234192128
87.7159769790635 265.16412460993314 863.8153706985137
1327.1082461684302 878.298617721322 1233.2574701466478
1304.6483248718046 738.3242940716142 790.589063733216
1312.2489447842324 117.29869065310224 177.25290355031146
901.6697436204945 369.8205916866674 69.9506793651986
1288.3238277561074 507.76329681234904 89.42225849205275
133.18407284500898 1486.359785610773 53.798244068929655
854.3204269072522 1448.5447237206974 1049.3738544803398
1441.6864898726672 120.64315844410955 42.68654705562354
852.4022134608458 271.08035225496144 1054.0663529225274
982.204803994439 765.2992013554308 605.2813169200033
483.1115408329074 1457.9476316243042 844.8259225523495
126.13702884825042 1126.82349008786 1423.7171653911216
383.74143557717184 793.1284180656634 1000.7941862886203
701.8757408481525 1140.9975109386085 1303.9895828122692
30.840390233337462 589.3137534173727 1376.8820013018355
1454.2765661769329 1297.0730726122606 427.48932402553
1060.9773570684324 1276.7056486208494 462.7768295710981
1469.7935028829404 1045.1271736463323 1047.5333181239153
1027.928284243558 451.5895658366908 115.92734584225404
1141.2607078568983 1206.4525950737777 1279.3737821927557
1461.6604800775983 996.6111954319728 504.871024942436
1441.424193968941 727.4677399696144 242.55658504520014
168.03948080370867 1061.307644884219 1260.8665236500428
650.3649158725982 1470.7791132303282 64.8879199361421
662.3159361721251 269.6309929822681 1.4958077029240182
1086.4677163633326 742.2931892494111 1159.8292057028411
877.2603316656796 1019.3292406993074 0.9112427270219956
1026.8287557430715 1008.7173008123655 640.314357867922
1327.7558870168166 1395.9442139036912 889.6221777105662
1172.9235496493848 340.8531931839163 1104.9310733856007
1312.2302033819458 244.66433295429633 124.44481490045796
1307.8685207187807 395.2747373818996 1091.0850408117037
503.15282286015184 297.9705068041546 77.03319033485424
1275.711762717993 646.1402817162132 174.6854790384708
1391.2521760272875 658.1229012694865 26.82040718540443
281.38431915277596 1217.847854566941 947.6685785694956
63.3709058346082 1030.1831107752437 667.1827688116194
1250.9237850517322 1081.8426014479041 1215.128465842813
207.14964122620586 93.71164669177264 932.7712961864294
251.21695369650675 891.1085688069909 348.38779632785236
89.97835748489278 1349.6195286078132 849.3455737556216
531.2075557202118 1292.57614691111 1422.3151751241537
1331.7189566409857 940.360161794334 774.2784018856626
567.7676449107033 1398.3672680556895 708.4507956903883
144.76789117244172 1078.5028787195477 541.4456819519071
621.3910103443685 506.4400418759853 1449.6167958585827
1313.6445649013863 567.9662672971896 806.8873252249053
397.0645523494104 1263.2180973703814 860.9460019396914
215.41331899265916 1446.737925460887 1015.8032577304635
54.45278384357423 1117.8141467054556 400.1512444682764
730.0857331748241 355.28228140607325 988.0376779211509
743.1521095677109 1162.720375767494 750.9542773679873
723.1779981322553 1057.3704853024205 1001.0356679726241
124.0985336739154 742.0457414596185 1134.1038414149123
383.89211580941355 1484.0821508073025 107.50437005852825
568.918906044982 1008.7007908676395 484.8821053222495
923.1541141097667 588.7059862184901 1361.7792910196717
796.3402717704331 1044.7781059958647 451.57016484050257
496.64114428332243 571.190357411029 84.61193773087851
1296.7259321441263 73.38052877435491 593.2844719010087
157.8170052260984 869.8169310655064 1188.7995873947493
1287.6991276835915 759.0884682727702 305.8102080542521
930.3194368208931 1185.8708487253903 84.4218063226512
542.7332975268349 344.8131689420775 1393.3505929717903
1063.5258115753754 1050.092936475421 1297.3025663156927
378.435027079168 1145.596823971269 412.5311873338646
489.68491151836827 327.7807061964963 1135.206520998274
1040.0138078664245 312.73513148481686 711.7150192754463
696.1961188982514 561.7494824520749 365.3539665029759
977.4224366268669 795.3593202895564 773.1728443661805
956.6856624840398 853.1913319042038 942.5135795903576
186.64078832237882 1436.377601987478 1383.3095830762147
352.76161945767916 454.6801557670993 1191.9746080536786
263.8786336797531 1366.3087961282645 26.7262172732225
1309.6045429691542 535.3241778912152 1169.9968154462358
584.4964911551782 1128.4252420779242 1012.4163981929998
402.7300569474571 866.2894300344248 339.4996754185276
1310.0364925253666 949.0349343628457 138.8005944285113
289.81746240088955 731.9165661244075 1143.6518779523315
322.1818849881293 675.558770762986 876.7736889357686
1444.196306869323 28.615073839591116 645.3821104591816
960.7207846225025 1308.792156090692 1309.6571390721017
182.39125635556016 210.26303070072646 1307.0220520311957
1266.6415259987305 632.8055253458913 19.652590996887177
138.09708228617177 989.4740650201261 75.38402285836908
933.8981130177356 845.9843041320216 1182.5371644560437
236.1089545298197 11.589620689338478 168.8043171706211
814.925307376677 801.4365213784276 950.7969624204278
1361.8734528014493 714.2419545035751 1415.114552062533
1019.5010369315919 386.75163068246167 1027.3596826067565
730.9761984415555 1021.2306733778215 26.296565584237698
376.40111044668015 704.3229339167478 1252.8693473711182
701.3971247233012 141.64965596341622 1140.3353613872457
1400.3367635215059 1192.2804383658186 1163.2723780531865
852.5343318654373 1163.3944977643237 987.4093273356801
232.84509734344084 886.0851795098056 719.1573814842279
1277.6297411067198 1245.1572359052154 203.12641494519065
887.6707195451244 118.50075096970762 1131.7142872268041
1058.255968927036 760.8444472032626 166.01008559766078
47.65833353717825 230.66122064014525 1404.3476446940422
830.061791247973 317.39142155313755 546.1815853876768
1465.1674607353323 727.7289518662902 1268.0819191551827
1031.317889091247 463.4206911669052 468.1051649006666
424.0984882180219 107.96638038691324 929.7288521810651
1422.2525651880887 27.40876767822986 1221.7810585451725
451.67239045986815 778.2382343058587 742.8242228724927
724.0250787402848 93.25159804498743 883.4859572981065
713.7814761557942 1351.1121891202106 776.6274697072855
1199.9031350017856 634.460700744265 715.1799215889292
134.4650280102614 92.47535137881059 822.4903690233547
295.6607222416596 555.9275128274679 1325.441317018448
1176.927203525462 571.9340797362828 1254.5442605611825
204.3375527737453 180.6174564692346 106.67959839543214
1185.0302466689673 905.7736075422862 1142.3507711565092
118.72246229541868 860.103893719395 988.6555261579797
639.6732541586592 1148.5610089371478 109.0938615869385
1431.495408352023 1488.9592266805196 1034.6489362166124
1107.586846192323 1263.242154398043 1139.2903795914478
706.7072507373397 1368.3185823655253 146.80625697962807
439.3626719862408 601.5788893136761 1171.2422116904477
34.781847093512724 574.5952129539078 47.218180013644314
360.2473310828544 714.0891371981934 51.188729972349385
602.0019995741176 922.1784465577978 758.6030014000482
1024.0946698272705 119.26056388840182 1189.1418865159376
606.8137687766691 1255.5623308398744 1303.372044664156
1142.29468733342 1069.3115587717518 760.8133925968708
888.2626395624503 1299.3839918409724 717.8481373893708
359.82870183983874 326.2086504427809 808.392486253704
203.2704673714646 30.8753913848048 362.6790177192387
86.68837023144353 914.8297584338949 823.431711624276
872.174209160923 672.4552145617504 750.5567890548235
582.475490678143 928.2983944189494 1437.8893138100798
371.58031875651113 1006.6965848255047 808.1075725255376
992.879128951662 336.0940317736185 525.7899234341452
912.6356314360812 1234.1235939887379 1143.3423711070295
617.4711736744084 131.2481426484125 100.06732702116119
1472.3125568237144 1399.3188777802784 749.7475074324601
1036.0219929656898 99.45160353413581 193.3559654958143
200.31575134253882 507.69387493321483 872.3685527142438
1044.2701173297305 604.733229985205 165.85440090840257
665.3947521166687 1363.8676871191956 596.224917262215
1080.4892023008904 217.41588507096728 562.4882474574727
692.8081816404127 178.07505387705882 1334.6137960498475
69.95489342469155 796.3132745649658 681.8789737032664
698.0128489274662 0.34512984892626264 1032.9290453640162
31.62952498660072 1212.6562098668298 1315.0010865414051
1130.973440754419 602.2370719002631 70.75576720079681
1466.1403186917685 937.2030279126695 941.993862756152
606.7271518275988 1171.6389667719645 372.7960771692681
912.0153419280782 8.61730513933958 250.74521527132725
1341.8956782264754 573.987896145236 1360.191858760163
1142.5878604091467 400.9591966388078 1372.848904406195
1007.3715273439094 1131.428077878535 537.6593607795182
133.42876589965823 1457.5710125264527 1149.440973195988
951.6260931418033 1047.145022611966 386.91300646913606
519.3766578786796 1465.9892451699486 138.67963343490638
383.0650863686545 276.4191636444071 1459.9667348367584
84.32849929495801 413.8035438761476 88.05230780837691
327.1058795472568 397.78301015838355 1367.8431712399995
526.3297165951531 116.99248782646039 242.89725966414497
1220.9088473177917 793.2157956676083 36.88070684771841
713.4750511272366 904.1242707693705 1005.3762678757237
1387.2015759112085 1127.966771157405 1473.271295724453
614.5026951417323 1045.1027264906197 233.00783513783736
1241.6918949226033 1218.1874199568645 27.798534841106967
581.4397319195256 679.5820418749897 447.0300056835614
1144.581931971441 63.68047573348198 586.8007747024269
132.95341044287466 72.82738116948528 661.3341058175573
1435.8062972979656 443.0194667167761 124.34576689592913
293.70102877530195 1031.6601040724902 482.9433020707843
843.035002209693 71.36489106300084 1283.9532510973258
1325.457636675192 1188.747780065635 1059.1760558946328
1318.6461905997028 311.17857722882377 729.4002314602685
1430.5114161516096 406.5373080561516 1376.8677411686936
694.5695739990638 178.02676051036812 228.98557910202487
88.81836299972737 216.92406767766747 47.90151981756777
630.5029407284773 328.96235281048615 679.1066518661396
816.52310503773 823.1559443426455 1287.7767879540188
1446.5707486133476 1197.5345541594208 146.44948205273093
1174.3806240929976 1447.752608376969 18.544515633577795
585.9477808937901 1325.9475723108 46.54359360945041
596.4021019426975 1385.514729393205 347.6060938122017
904.283590428027 724.483005101502 150.95631569134324
486.5508519517074 63.32226944374688 731.826107007867
638.2746693582022 627.9043470609442 122.39989903989145
942.2771693432107 203.5286256751873 478.27872982245424
506.05030760394095 1306.8737235313015 1154.4024220761305
715.6501105019038 865.5403039301335 652.4794161232466
961.3934572089393 1336.4882114324362 198.69343672201978
831.630123993616 969.6770472734521 284.0429441033708
407.6018796867266 417.4254542415696 534.5142819637595
163.22503754294405 681.6442045023085 877.6279431282065
245.66327529988573 415.1001900030588 698.2000381451186
600.7473809605507 229.57087166460985 346.77261907854796
1258.9303720459975 1460.7185102801461 1011.1706760393436
346.4481414234758 34.643528667456216 293.95734271183494
832.9043790161116 224.72366390330663 904.6423647404688
167.14764776792964 1182.294785896787 671.4178548557767
332.4590388435617 1375.506051324871 851.2207495653068
523.8955607463724 562.344421046282 1005.6205621629376
173.68745189569086 886.454572579854 181.9864731922737
905.2385845023342 277.1227192154566 1417.651104499519
192.47210928362367 42.13756251725635 1248.8215532577528
659.4349901064306 467.5561893697052 1279.8677703546791
409.81928441304984 1120.7836257672682 621.8955533716983
1323.4775588284504 1028.0395021832285 930.8757676011797
1002.6229933531218 294.2591347627595 203.94184752431428
97.5341377454592 926.5097125240891 625.3999798396001
1004.7707819306931 1060.6503865605087 813.3299200177595
1114.0228671243892 1262.3516519963957 148.23499111438164
1373.5728140238048 1298.8873796421285 70.64230938864813
1194.9670549713712 1061.254658733037 876.7380960925744
1070.5596391838872 1023.1260586158897 240.70455742932737
834.9328085928762 89.53310672667614 1002.9104056522583
115.64985319168929 826.9235699976674 1316.2771644156414
720.0289651544322 734.1248136592425 129.645020912524
544.7727302670639 862.4740292481134 399.69495423571544
1484.4836874873647 1380.8352650113604 188.1067999119528
1420.8083339037942 134.2563385826692 1357.1883145172667
775.6026168786701 244.7820684557021 409.9312725173731
1490.8443976976052 1387.6459095858947 48.3572402000351
265.882170057579 645.4998801001519 224.20376120987473
183.29704076020056 1024.8464433164813 315.3027114380245
1317.3067468603595 364.74420078704634 439.9137937067527
1427.5863039604012 486.7557703511322 1050.675157874455
316.3047668637924 119.0020938199062 30.263400075487432
1137.1918065796824 167.20079474415158 1113.2918450032023
810.2059688711406 1241.2251747440566 1300.9449888654724
382.8158424706634 554.1050507678945 900.4560744944896
68.24892778368613 686.7919446289468 1011.7490756889009
893.4788113110328 396.82818472753775 917.0739054963542
784.815987450947 1189.3041185610887 589.4317262997452
388.0076897439449 1266.0871561359727 504.80327206441535
1042.2448570680715 284.46344631516257 5.395259960433011
589.5744709725069 1104.4744920259293 1439.4894856911974
1273.053262450195 1438.3328620334003 1273.081954607842
691.0503043198953 92.05020369735377 1475.2640455086585
206.58009784099494 961.5269884787609 1421.1931557596786
595.4229269174474 649.4303215641667 1075.1631372776867
1380.1531233247056 925.986671993863 23.000966276854292
917.1285571561446 113.20908299167192 830.7568693035444
774.9852998178914 586.7986939650237 177.20171558991578
1045.207820464961 85.56797262548186 708.4043056962558
705.0704990484154 1346.6618086679996 321.0849003700697
1329.7649691541787 1298.7891514062187 489.39884690846895
767.9667418734525 360.67735120285005 817.8536080800852
931.5368067225763 574.3067733692066 59.90621466330141
1387.5392473493948 124.16490721645708 455.98340782672176
489.4895431641801 1031.293842753397 330.3961761361898
1193.6993554149274 901.0877416606959 221.6872861074919
683.1218187656731 730.6416312860772 1327.3115346779798
1289.3862901293476 1224.282273024607 911.7021400333127
605.5580694010768 442.25470643282927 969.8920638402324
354.34413701367924 1207.3962175915974 1494.3255227470156
1390.4986852367215 193.01684365790825 622.884393730983
947.8947205585625 933.202590873323 1341.1463213398608
1137.307340685901 339.77295456656304 168.52863942177137
1077.7367700416712 89.12000390675777 885.6318174263926
1320.3066345199495 840.9468512692453 920.1445241823491
1423.7691659922448 1145.1463573683804 908.2862590539547
1459.3356470237275 1457.084684091513 331.10466076337116
330.79970394593755 999.8442488297748 52.795524129465726
1427.8663014183985 546.8479451418355 1244.407664891254
1220.7018494224444 693.4700340293613 913.9363917308334
750.9995955817558 1245.936148019488 448.8764346439718
687.66971999015 1220.5691790455571 267.7514192709483
1187.3550461724415 115.14928303612565 747.152508322068
943.3105745661971 1474.0046691298603 921.8964938836529
1036.4117829356207 1209.8663565252655 1031.063022582463
188.64571923199082 637.4553708894804 1449.7832989326964
544.3864590227223 898.6503225294267 1259.9532886198122
1026.0483194177104 908.77969739317 1070.3099790021317
1469.2751500098527 533.3772812870894 524.0008941660184
1344.560606433182 612.1047079998073 631.8367370740564
95.16900408951687 850.7897978585944 279.47071492993996
748.4678235242877 317.0794832950523 302.48189799969117
1142.7119900070747 1272.1433422988882 1461.3738991731411
591.1169005669962 971.842171202195 922.3784950254155
170.97508733783505 1380.5493667710962 608.9473401231559
358.1727930643368 836.3745665434897 603.395057033726
1019.7180636855887 702.0262612506654 1.3644955723155183
574.4975905987505 752.3910163600098 733.9685575171527
765.4486087593142 480.00696057678084 289.4929307062595
1004.2521701660603 1023.6823443872864 75.39585079474661
966.652058268299 903.7091163770797 345.4304488771563
1051.8970314685987 1440.9024908829297 1429.9240448186208
423.4349073555043 595.0236176693313 268.83147601804956
189.97469508193456 1224.3294344225849 840.2435501778392
827.7084740775294 675.44936873013 300.22950620010533
29.24151061926713 277.9017004327056 714.9587731226974
815.2767995600447 1091.2980504958855 1175.5652805288037
446.4680726525146 124.18612071989139 1409.6566380311806
80.55177079151338 868.0899633358479 19.72603251940823
227.97425185165693 1372.4025581165001 1251.563231707958
371.6423667885559 460.1878636775563 716.873518043636
1022.2288936571754 61.75043499437816 509.79741486291016
99.20926267691016 269.00723314306185 176.2735947546039
1092.5128025466747 692.1063474616162 568.3605782989011
840.3147042535564 1124.3707481712036 835.4357746889256
68.04909515091757 453.9991651433382 1268.785856690919
1001.0372554035224 898.2272178734919 192.94432319831776
489.8639997505475 706.6937100760018 909.6069073172995
1015.9616289704401 657.1661706452675 724.8813437407
915.8947473756443 1322.5873048142232 969.2270343139224
506.1684878498989 303.2077665855036 574.6310769371518
715.1923884581352 1373.2107208352966 1275.8275545671743
612.3572843297798 405.2717735832716 325.0478649457559
1229.7900915058528 776.4916676063003 1082.1234083382094
1066.8980651120867 893.6742331541204 1246.1746025793525
195.4105381338702 746.209724475734 122.97232010625139
270.76054845143165 917.0957627722676 955.5739840320182
369.0984167365174 680.7648082927418 1413.2690993584918
1196.2061123028554 675.2852006756079 1399.9875212528361
524.9142786242941 1399.9462840379579 491.0209857091201
251.54947910178066 1304.5621668154772 740.0868109090209
282.9283669928763 489.7020869473095 533.3519756940736
914.8792147176353 809.4737234266897 267.4745507123822
283.5178242278217 573.4131763258938 375.6760345604008
507.77821055317565 15.641297270506026 1496.0508102944386
890.3372534364514 364.0759679580748 1224.974114012732
513.730815399683 883.3644217266663 229.04185375910222
13.953461157452479 1201.9995909536553 1496.4926052044336
1342.8973565630042 408.4360630655248 810.9917607645573
956.1468451841372 422.1329532830691 640.3408391202967
458.10674343261155 860.1400733560849 70.45093558912461
1313.3564487572517 1414.9065448055583 608.2371491055042
126.29752472431329 314.06198336542127 344.8853746314792
192.97628328755007 763.4298693935322 611.2707022774122
838.9348691308747 1197.8492736921291 1445.0153132317457
56.336824068765885 1088.9889780643998 896.4458545280675
462.8020430762293 329.40862739245495 402.3323893564705
1207.4350228188707 694.8296745202049 410.2194867297007
1437.1888765412411 289.85281445250246 1102.0597355866905
38.94938243235825 142.1398858296993 573.6849398373326
1428.0121258891897 160.385928221517 1146.7213851184827
1014.8084917806866 32.455678800145854 1044.6754134024368
1299.774059548319 271.56766102082514 561.8160664145713
726.9360676870864 1042.279951028067 1351.1447274838492
1287.1055956890457 79.8027995543009 322.5428769237631
557.4038599629337 610.0297123144699 635.1013606639257
426.85112046234474 44.052431536753716 557.5948152683499
76.29644859952238 237.46388748438372 1037.0709384374231
854.130691950778 1338.611722321321 1147.2498935709477
1137.9039369150423 1012.6724854326429 492.6491317279228
962.5227849479489 1081.6677107383014 1093.073458506535
486.6147750062971 14.714820229762312 385.2535688259874
488.35750127050164 875.1459161031936 867.7069886079571
611.1273825570855 179.89250689956407 750.1279035383529
734.1262738949106 1332.1758986556674 1458.3635863829352
380.1582966427609 1373.867781435145 1142.4252017147087
267.56594216797356 215.81624757248005 398.1447044479531
457.1151650123764 1012.9081297714253 1151.3674945544724
695.6983736943163 111.71666154572624 473.09617514625216
263.11505804975604 828.6659556310412 463.05611842769247
135.9370315746615 1056.5337428699556 774.7960671180746
1284.1938686434921 279.7480092109966 1358.9815003907029
432.128022639856 1361.5319884963717 7.173654316390412
767.1286097959728 683.1873263144846 1083.6003945663444
1246.0690540216551 505.26035097656217 1425.9834395510225
751.9187833410476 588.4344849262244 500.93142463153924
1065.2415478939738 196.06844709282691 767.0333176169834
650.9457781803181 1078.244869575702 837.1208800252582
622.9947486635342 1447.2359170069324 903.5558306030383
1089.0406872109259 101.25400276841002 21.006140388036894
159.2324447974282 1278.6856178411522 29.592263399536634
232.69133926487325 1053.0598776239042 176.42695322745024
1128.6135709265313 1068.7151339169666 1473.1469699298639
1240.6039736248038 960.5370872621901 1474.8608256842967
764.7506408786682 515.9747163469752 791.2454221263906
268.2299099280387 950.7042547068427 1244.6609023553867
298.37164988518003 712.4103268312851 714.5950256372938
1437.7318873507604 42.21612584508797 173.71692735607323
812.8830643172798 1431.9030267164326 204.8280590661718
817.7096179257505 717.4530987138622 643.2123635331546
1492.1973439686026 146.0550079614142 959.113503419453
98.7692958658761 672.4179112389236 568.8670847262332
742.401699384363 1223.7285612557791 89.66082086614018
1106.9394332172576 1190.5238586159892 903.5809449259914
988.1787185489025 1169.5708067169921 1232.703089015677
939.4770635149539 738.319656550691 428.19407430359394
524.5285405600001 1252.9228265781053 608.0944779692148
1499.0911132705037 1188.2520629248013 1020.5901974022548
1421.2547027213222 860.9658268697153 601.945519338659
51.89727899214406 565.4882662720146 904.7554319651666
679.7889581197624 839.7443496078342 1162.9724705489111
87.06709684872747 1339.5518863432417 1274.0507611805003
405.9956978555782 894.1831745971764 717.414772450707
490.93838807231595 1142.6928580518631 867.2549869476695
51.43310218701427 138.49046949753327 1278.2088642342023
613.3207805350158 289.35383841237814 180.91695701650093
1349.5714465944218 992.9738402969551 1354.3001866246127
1292.3548635147597 509.4488751848699 967.4875752166605
797.0167657685964 545.3086446967877 33.20119895115074
963.3682801168698 1218.9780873318239 865.8735992485291
369.520666765607 229.13072386999147 525.6049454285121
1478.0120720758607 890.9808302855095 181.77126964264
90.71809375958004 4.828774980526305 983.2727429714869
1275.3566491312667 126.15667087934574 1496.4914173143093
1488.5936061800078 1095.1473466149257 1347.7253377027037
1172.0928152371623 313.2569445265131 784.752050511103
174.77480382820386 1201.5739423868029 1241.510137781911
1173.7765136379417 611.5157510411055 522.7960235358702
452.8852372103004 612.2132315411096 762.1181051148178
433.68528443575747 1482.8979187765456 1218.6850198862846
233.4587024664409 381.3246869933342 68.29000317875835
79.08308265961777 1285.8348258426324 347.5081018796872
61.29943277556359 85.65345383888778 1136.4536481253142
1410.5905167702072 618.5912254682032 152.34479937993746
1088.779780173065 939.9179649579976 375.8883580104489
664.4037524474362 931.9730325774234 325.37881787240815
196.13648739124707 465.0916364218934 358.93973358465405
1102.46582220578 825.472510274245 1403.4122427004297
959.9862899970053 1255.3092016869018 349.96476272457534
468.79711635613506 153.43005005517554 91.1875987546316
913.4542173682519 887.3911458942893 650.1792985652457
1055.377472927891 1330.9578939924108 780.8120803349437
1203.8975786895453 221.7486272646873 882.2638369858
654.7083911543525 886.3974460671894 1311.4204273107437
879.923392416821 395.3301318588881 737.3367608496345
440.8682665934142 432.8206045708533 1458.6247384838496
1311.728806526409 582.7928090089364 316.38520946980685
954.7739655028147 1466.3348148301598 1181.4077872225328
181.86215491991078 83.37530169401938 1076.0847554819718
1412.685858558736 1345.4693962774124 1271.188852862775
1357.6785956017561 1168.3786164619257 1296.5260662541345
1310.1334348251748 123.0273824947265 1303.2984218605343
721.3332197046292 1429.2119271273605 478.4713028355853
1292.700558981712 1105.2622825972414 558.0031323115243
1312.13744739236 171.91270254203653 727.8407945492681
835.0192954938103 684.7353424607625 1380.7240760908212
656.3944407762102 1149.7158305016683 527.7879131280625
329.94867282511 532.5753039245117 1482.1619546768104
793.6138884232979 1466.3339104400955 883.2282685411565
556.352026766535 10.403257987961657 563.2346719906375
376.9506201749054 111.05706728592541 186.07579590818352
485.25699278963566 1119.5353379548778 496.56152499360513
1023.8018426702522 603.2593618485287 1198.6999361987623
1322.513448027165 1495.72771940899 756.6000720087957
435.19067306600516 198.37381874755073 807.8758782762949
1328.2205843730667 795.6584647563436 149.94509655910076
17.029968559588376 1009.7294781361852 1452.1501154504372
234.56038385011968 247.21052746477142 1449.447660434074
778.7832528109734 223.1362444131743 65.45730836657006
690.3048095544225 1210.2123812415175 892.6532989076833
80.59179871279231 1396.440492435913 444.6606957231457
290.21344610363394 668.1806064522335 534.15936238841
1462.4717967523707 1031.3057277816602 104.55676730087438
249.88778630378803 366.2953276420706 453.1135379253495
919.0796113412462 984.6185443529764 1205.819657603239
315.0604651375207 1315.2703793538944 1022.9255979896772
187.74311176409108 528.4085962076316 1294.4877258497977
280.8880695947481 211.22031723209267 853.7672479971815
1425.8051758515553 1040.7906977268526 290.43773378222306
1029.6276236056538 1382.5457199423251 1068.8691336814895
1303.1964212018102 1380.3920146631929 1438.6080728404893
1009.6128578782667 334.93679311446465 1321.9600584538164
878.3442144673509 175.1147339421085 225.93694040501038
231.57844322432715 754.3306598898257 990.0409203007075
1452.2395627371975 714.153266995593 694.9738796650845
1329.391135721788 244.82757754028037 1006.0554550011364
112.28108783205657 1248.2210819006025 522.1923020471817
785.9932779662388 1491.9604533612257 1172.0890634335472
344.8500850521716 1481.7872073929764 966.0776103416601
831.4445508747415 833.616385580685 801.889913199815
193.68499146981912 596.2370224315931 1019.4798829546346
90.10895984971957 966.8085780774205 1324.4777337425744
1402.104965960103 1479.2584272752422 1393.5538888507524
1099.2579027986149 1288.1013330892852 283.30719582720127
372.134382505321 459.32513911608424 372.9889348197526
1002.704088794715 491.9525524242139 1297.7638061162857
1162.4371440185537 495.3792265303798 1088.953024578996
1181.3707871194317 1227.1421681128231 688.036291121375
1301.0278777523022 132.9769823588186 1030.755592662397
1407.4668877947925 271.0145366496726 1284.737724296483
1114.0309164856374 800.9810946139958 983.8356372779297
648.9153423888223 305.5857481459419 474.31490177764766
775.2292381451656 1.9610330730699843 362.25076405747353
93.34452918119307 76.25302680625755 206.4979935679457
406.43788993929627 1140.2242335515969 1088.283602591284
1151.2441250904355 1378.8842588970988 1336.4281230189745
549.1740517823031 193.51370813745595 1445.2892016241121
1446.1310080896992 714.611893858678 545.7894022490084
430.82465849435135 26.11139479908258 1082.4524837573802
586.8603667801102 1287.1858141257119 466.3837017691139
1261.8862400384526 753.6963541839773 552.5742772272071
1026.7372427187645 1342.9653683209476 50.91113644080205
1077.4580587831506 1137.900123268048 388.7452063583609
981.9872129135115 91.41088650787906 1410.166804259055
877.9829178330117 440.31347429423215 197.20408100628399
354.931513031435 777.4437118681867 203.9786255835357
733.7472046655196 541.4372049613753 608.0005566512044
536.599189528265 832.0052416978303 563.3852865190581
1004.1456101565573 1125.7376469864962 1416.231335573866
89.44876127362147 424.44157096030386 953.9865157902634
167.9624163036538 1365.2395213110906 164.09688519174026
1415.4945935707121 1024.473496176261 654.1533876413196
1340.6709222494983 778.6830729432406 1126.516792026563
642.2744662511789 0.40331444552407447 238.39844953307312
1148.5780381219656 427.32825038274837 43.24367633154281
859.4529469754738 19.085027278869127 513.4242247706918
1244.3541924252618 1286.0791276703662 1196.9485091372687
736.3543610879328 957.662451648282 820.5725157793618
493.4998158813944 710.3231842055892 326.3176638708419
24.23216445351114 1267.0424265727531 1145.751969148796
376.81375966932853 588.8707302788506 144.46931768610747
1255.3557597627516 629.24633735292 1092.7454056112338
442.9477802476619 247.13293997891697 1294.0913531404724
427.03695797169513 851.0839117680323 1174.76757190258
997.6596916396484 1154.1015614026765 220.46102036640198
1318.2856586030448 1181.886735600562 345.9069908869367
1054.720653302503 165.34128755929882 1349.6644147342834
1207.4670578460468 1025.2349556187717 326.39743796997465
836.3858500851961 828.6692045835065 1104.659161002388
1270.7745954276747 418.5623509882135 1269.7239070380797
570.8457953845285 215.38733659800266 1254.4204266874826
853.3676919338535 1310.6589676903827 850.511105072635
508.9247217614995 1188.573633700306 49.45151686638853
510.0908816430406 724.240358772997 164.37896485232554
289.76922119489245 1326.4030275256412 602.0309973339052
745.547006085737 1334.7867516993633 966.8700715665724
913.8334213901777 104.59876799364068 644.2765371398419
1353.1746256992892 913.5829701173282 1060.2683145684232
1454.9643230984293 783.9070155440199 1015.0736725383672
839.6405545911599 105.27143422535656 1435.1427979318864
703.5340379269888 1037.2017828181934 639.1339558969316
1195.458388537892 464.83252254923764 791.7392330411062
78.09509013772809 1254.4127933823909 171.54458338070773
453.2812817463671 1235.3017311353942 1017.3859140024227
868.598143802191 1326.0259076938257 65.70939454412415
1015.5465360661883 267.80623474057364 919.1814089191748
255.90629880302714 1229.476057522055 142.60922281918036
829.4308042949041 293.14390207410275 174.14543301480404
104.6853350990412 673.9197743612984 248.00176685588445
1351.7422654421603 894.3197538158074 292.3827956071604
1205.5845950490534 940.426834186518 987.0377601280569
1162.3794332056511 749.4862281290655 140.74205489547413
1438.5084995274965 661.8615067483306 1124.5583214873761
284.7750912888018 1150.4427814229023 1352.5241554755387
626.7980890946795 778.203002167912 278.4419945173392
195.3047607401478 572.3955224864224 102.62151483310298
1084.9391950467277 426.11213122900244 1203.7590699832886
547.6781240525651 921.5684905804511 630.5649920046374
748.5366619150207 424.7088416637187 445.16653233101465
923.6376148311098 559.1996054089818 241.30862338244913
1286.6550633018198 253.46674434418185 1173.1226760603317
1046.5508091816912 1419.8253467262034 330.9230171482496
1254.5788600045933 1334.5742768347307 744.323867996521
462.0299778658857 1144.5678024901215 1247.1404051494703
792.4281674977425 251.41787220233806 1372.520469920591
272.56584231924546 874.8864832880369 1105.8671287282352
293.7291802550066 284.5896467476354 1295.9580687905989
1296.2791684579938 930.922341656939 562.8856136671843
775.7514566392731 400.9228853869214 6.362175059026629
330.27803109769786 110.40978701715737 1348.772841849951
1308.2863745364612 546.8848845086234 460.34785301125095
676.1844348213774 1361.1066348856582 1134.8800827299362
605.6183117467272 1312.9199832693744 1020.3513419060095
372.2771190420951 1183.0536170242412 704.9245025330263
1182.8003218890678 519.778359621981 597.6792477001467
455.63925296239876 712.5262035014808 1087.4063277706728
1375.2086096442624 483.23599595159067 238.8753423803526
86.7191196205991 456.31356527185295 769.8769993250012
683.2565175156659 594.851862764579 938.5096966386062
753.576861861306 113.25012242638584 298.5341335107128
675.2540161065241 224.35650869501254 590.2004318116195
1016.4273979634394 545.617029787619 961.1153269243929
594.6525615107635 418.64733792762 521.6405400488221
1070.6571025934572 1357.177470785926 1234.987400221339
153.3603381096564 532.7434909572086 506.5136111646718
654.7515831755361 43.206643843225855 1210.2768297154903
341.0683290884297 1248.7368366415667 1208.2828806140708
1322.4712582644843 1006.5687026852758 415.62104569549035
865.3730682505585 971.5496792580611 1048.6427495737175
175.52677970474244 341.106297006271 785.9075792943237
555.6155288340939 251.75923705462077 943.2554194745024
1118.2168264160468 397.0290658414947 639.0907275683294
228.18971611047658 234.98316715700557 987.1254853215471
426.9027303201302 1295.5982346106023 141.31615270490622
181.49944621945588 792.2818655308323 824.6376092180026
575.8874027850695 753.7393672360996 1182.1940156173846
74.68265527211166 368.1247653853019 1109.3585552584539
1131.754206697245 190.8331862900134 121.56560997505163
1006.830114049675 1435.5211105868775 799.5873407682699
809.1673860918439 862.4702968917793 388.6750510527456
269.27419975758716 1283.8438401775197 330.7237208943432
562.1637915019807 1479.961677387403 1101.8934539542045
1422.3769151563577 404.2719073198158 1204.5194513390602
748.4318800848092 403.36828228925435 636.8754618686797
924.5782361780105 554.3936139373999 861.9358341653051
156.05589366346672 1188.5053350946955 264.99973240346674
105.85703941884366 188.55479165922026 324.70822413020727
956.7524464557777 700.9067390274666 908.5180000605804
1193.1926364542883 941.5372620385054 647.4791517514494
605.8296677917765 61.82243073109409 381.37947779737647
835.5484933655041 893.9490850089853 93.70926255715324
906.1358611518565 1325.49067431646 524.0446139857152
1449.6596932461664 249.75839158130628 431.411079982498
983.5854941994068 756.8479840436333 1309.7373751990422
1171.679470164724 1160.6126550040226 271.4785289615093
579.9023446042474 1428.9125388246016 1269.4349389148554
1219.5718023179163 1365.1845206631606 103.92620486316794
1448.9631666600249 1467.3229868162139 498.8013383662787
925.4614783137672 1442.509032911554 432.0422804396534
1342.9808521458044 687.8146185619049 951.4642500870677
778.7361603275228 118.61778051680609 743.8144213716872
1375.4607418376463 1325.549402855437 291.77590555840743
936.7712469084753 7.855328488980184 83.37466270160667
427.2084937043979 182.68251042925962 351.69244550273464
845.5668713478202 1023.7029227437862 710.6889169797594
836.3922590926379 426.73832304713284 1339.7182168311715
1190.0250789900142 944.3221941223616 1309.49094569406
828.5048733056415 546.2641186704976 1217.79347260003
1191.1124317258516 231.35564608609997 629.3182857771601
342.85765182287895 1330.45811138558 1370.0749141587771
1127.147616462834 284.9377807340894 1244.8213930961733
51.184057510901994 52.501244107144565 1429.844413070213
746.6243666409586 1000.0298679039157 173.752657685822
807.1665420703729 235.9314669137821 1200.0916600782427
317.5252425020458 1495.7638533337386 1466.6834605857046
429.1826569467073 597.2660740399994 464.7355967265603
186.7488246817228 698.9471025751636 1300.8494071753107
576.8127097643883 1309.4990680079468 202.0935995129114
1245.6164551272916 125.10364831335363 484.98213322846334
1174.4410678218683 507.9975827297651 391.99102196468635
187.03492145636045 223.97858149386454 1156.514073906121
1197.4184733923234 1472.4324472606472 469.97578166114556
833.6271125025122 794.5323055518344 536.7357867646163
1342.6651018818804 1469.6081958445452 68.25878808740583
647.6387782951234 799.7999619509396 881.9945079338897
1006.6339785365806 663.9069988918959 315.8025921195574
1392.5260429483997 1296.3312467447138 760.5487480478613
639.905262066835 1044.8070297657491 1175.4655922825082
1341.7383955212363 1218.4462126069084 633.0848357397001
929.0873086617138 225.71350942652433 661.6280887588375
913.1840384297782 1031.783917533779 190.86324607977554
1426.0764561849899 413.19803590822374 384.4380541181655
1080.440844814297 776.6542179010219 451.6021669070259
178.41169528770314 468.85962309949855 1124.7267994945566
321.4135953553049 401.7160712963659 884.7389488664661
859.8092528472954 604.3328072548265 1027.253218239333
47.04418480684218 1431.6388288548717 600.5004469503167
521.3075210832509 711.8124256373326 1308.6666710507877
244.1132733193934 1479.6749329176398 724.4455476917897
1196.3211653200096 42.5488855891985 166.21458671270727
356.21371518806313 286.53358384430135 678.2239880338259
1206.477570126294 1403.004107421588 276.4506669111367
290.23076118849826 325.0665251785967 1110.6488256789305
998.5080521820992 184.49739304146425 310.3253882172053
337.44621668150756 1086.7979580468213 950.3077840758647
1492.0655587457134 766.4013862076503 355.64887540215193
1260.0049104355028 1054.3988121196912 700.8180830019338
397.3251269177276 409.774144633936 117.3713831269181
322.85293129613166 49.30920335925739 815.5492096701057
1104.2534916279296 643.6953924001378 1042.7045433126432
136.8648641738304 1247.452566223009 980.9470045743658
1477.6428949679937 572.2711941038647 337.1566113460327
122.96986853650328 1130.4017346104526 1101.4391708807302
1096.6802306592228 715.4445926813843 851.5067999830673
108.39082091769266 405.3008993010169 611.0221365682542
681.6456421256266 811.6789271829211 462.79628809393813
1186.2592916660853 767.3373419967626 1253.1789490917593
29.460190224412674 564.1627470831165 179.76239534442652
378.91949971758544 1115.2506766948443 154.2315290179905
1371.5341342652341 836.3935127303251 448.33549127952307
661.6756906515762 709.835848841088 587.5320632850065
1490.4359692537012 940.2627562275723 360.24391634515865
38.057480924862716 527.660695129035 1090.2221757694242
688.7984372669092 373.8223413565889 1398.8642390916393
177.94200260782307 92.46712958738348 1412.211034461827
955.9091416906383 445.9369228230072 1440.7272638701477
576.7507473811371 1179.4141290546388 1151.8734839227598
664.8230066052253 5.242766223171461 757.9899836340709
1206.507350345753 39.81294524061938 1409.5146550631707
249.7175678932026 181.0425491034207 255.79418987417765
760.6688626958727 955.1486011386904 1175.8253076397618
1298.5190294772474 127.58951700324516 873.2547685881425
99.64664224248035 1450.7270869216206 747.5043848669303
941.5549216938148 179.7519913046102 74.97542156135991
376.98612412880436 281.8146359214368 1184.7500562317632
1003.7175785427155 4.822358070827249 1297.7645128432648
1453.33836765414 317.1088907053186 247.998097626679
689.7987578968548 699.4615561928383 306.1964078367752
499.8953346770992 1231.7058153001524 359.69472048998443
265.0647930246827 1029.841979993881 666.2296206748069
527.6747361237861 501.58767032970616 1168.9814558448832
453.7419804156478 1478.4974469836957 1374.511912920853
885.4465210823807 1114.751095441357 1320.3655207925367
567.4006624226846 71.94878949236202 994.340806457016
1268.8273893315275 390.34416176574234 316.14433893030065
775.7434626955369 493.04163962871036 939.2745849501404
97.90728194774069 973.0581682634686 1117.459461309017
933.5230182759803 195.06033856699514 1281.1371066904778
1339.1160681369518 243.40962063228093 305.2088143113604
66.45283361535537 1049.263075510674 228.76224778470333
1285.947028490867 1268.544743536301 1370.4415433827203
471.85499840415895 1406.5479417766196 983.2099813723987
791.9782262190539 242.76586277496202 715.0076896520096
792.7082942514318 949.2711375811963 1363.2082486694417
643.3829315170523 482.1641086190565 144.17626978816782
677.8216030615505 1240.6674321209844 681.6307473755871
764.201659144595 391.95672052352705 1160.2219531576727
801.2193168728709 157.28017633858252 569.1009644076855
571.9419030883993 110.22835484775008 863.2866482142858
1176.3666908248617 1076.0653952773412 124.44229199833079
641.9710067385577 69.47250431142878 621.0789144074843
1132.3897034890826 1136.7940115470954 584.3429048717567
617.2484369228904 587.184127437458 1273.2115586687182
866.3450576900138 125.0652809227107 392.8818823738537
1044.6846960853127 1296.9759072473385 618.8240761602524
211.46918743630846 1264.0188224233757 1387.1030376359772
840.4797145677467 722.1743257338615 56.33641938301662
1076.764088680759 662.0789960932375 1324.6378924208666
227.26353487442384 965.2204173463217 847.6313310845364
713.6718514313642 769.357964071955 773.5743828355503
59.00197123082012 1363.5687896700701 1010.7032796497747
1065.6133859932775 542.2763450789199 765.2622741500729
1200.8641310674666 1311.2635676782154 385.7423002312706
1464.8684991990808 110.0236200216257 775.51895946353
802.8231652774339 932.9985802978185 551.8936349324275
607.7238085974903 489.9296197331695 711.0254870983338
460.56471298577816 274.7038364437504 238.59230466300482
674.1858318224055 950.7938226477266 494.6758854919031
990.2757730468951 287.74123157392074 1129.0424432351454
324.59945268657754 130.87939525214833 1045.8436157797564
1136.5369825918276 399.0147745159552 940.8055268995198
798.368768892391 1113.9791204214293 165.08033034562195
1469.852530416824 1319.7352892050365 911.7124336029648
1177.1901102170152 377.1602897089085 499.3975168123519
1461.1080615751998 1200.1813147564646 279.5425559323698
53.37643961087025 285.21653765085716 1233.6700899621185
975.8956888196464 1449.771666289436 629.5861718323653
390.0310642070972 571.2571166794535 618.3632894712147
1103.9328888216994 1060.7134695414372 1162.6916818002492
385.5039568874051 276.4863489470597 989.2461442000932
899.5262138717255 346.55987330625254 361.1662506537964
62.97109683206616 729.2910980372907 105.29136359507646
1033.4288798630037 563.0058794766284 603.909901889874
483.5566856352888 87.86569973608229 1234.047824599024
985.3612567591646 156.85747170207787 1002.6973558127964
463.64230781348743 1021.2805507086301 166.36394758891504
774.3009410696621 1499.725368343077 628.5901093005248
581.199382013474 407.3681282325975 54.95749428532408
182.6131492568311 241.0812809631176 635.9087760579674
1164.1240517905685 210.449120603075 1390.8260565828716
1392.9909597659423 1145.5459572521102 452.9847977552021
705.582265927568 627.2215689024757 735.2079410079975
514.0549581564248 326.5053941640166 764.6302977703976
346.28270648539456 937.4141224240727 210.23839923333406
