781.9229255844044 487.6778315284194 346.71837181115654
992.1640731788933 1205.5543173394094 1480.3672308561718
961.6568073755523 723.1961310466468 1268.5794331540105
572.9472722992368 1020.1352843123786 1268.9911758943813
434.3922307557362 892.1352521067628 1269.8946408480692
259.84064117859845 1231.9744019387404 12.95288305476987
1371.9260461241363 174.38604194235035 629.4513235372636
143.55162132677845 558.9308451124609 488.24207160984986
845.5201202816032 1013.9444892178583 1444.2026452733649
1194.21058825064 583.4182794187386 945.2339746777609
608.7745597415071 1417.9600364587473 819.2396763542486
1096.1947196708313 1401.393063716346 737.1730940766726
1403.6861769811862 1389.6467939073298 713.318399478784
1353.1196384836146 688.2614371497725 687.0738452930211
654.6708650535315 1494.848954462365 1315.3583381940975
524.119498081473 398.4749485968242 41.77589994919521
1303.848581784947 216.71342594587736 1001.7160915134458
1108.9346089715516 842.0359477392414 398.31747588947826
1025.7498855228555 1028.6718580781403 1384.2965061680782
954.9320806949456 305.9037048541815 382.5534315122026
789.4676609858415 658.0444092349215 196.97204204374123
709.6742164766179 979.303942126995 364.05188220685847
700.370407688939 989.6202850892709 1330.175869396957
14.966312117711594 937.809145592899 1453.111870321026
1077.3764524924345 61.76532246148233 1101.0951767520278
266.73807936513975 942.7430024663352 393.48368109711373
1279.3358918957085 1235.89876123822 1225.1621767741447
529.0731660189803 185.27059353760137 518.888546075716
1079.747755483702 775.7859145959425 637.0359479008038
768.6309272843581 834.461876762535 602.9435226073124
179.78089855851493 703.2457955916148 1455.9765335040172
232.5811487240665 841.4548154192233 1120.558570260377
534.8516489007246 0.8319643145769078 203.04844078274556
620.7295213005473 869.8328452881664 632.533670295833
342.7881161010531 148.31898281509586 1342.4206600842958
761.6843938775685 1006.3566796665003 109.30490333538114
821.9332959769094 1463.5543433894047 1073.2839322845166
815.240714154662 528.7090045822874 1077.7391023156779
366.83975298807417 749.7391243602358 1336.2692637133343
346.32668162023475 1031.6573376853896 528.1517007579222
12.967754283590912 1367.874392583304 592.8073563646161
660.8525975492321 917.2552355579923 956.1726299465038
659.8812493875871 1233.9653270226847 321.2181347869714
494.7389576557716 1489.221755847494 1079.294135111476
110.04035074869154 1293.2595316806774 111.8907729596815
413.91538514041054 92.11127875662733 939.1785089980173
879.2777033010259 1432.0110561243423 1414.4181729518743
1465.3022445389693 518.7037126785691 94.67521995412085
162.9099706421213 41.75430738771672 799.9518393231446
1421.4261746134007 1458.5105983376827 1236.6593123794946
1265.836517020237 1097.332383481248 62.430322500442536
174.84450906207297 1211.007084800288 904.8635126302432
1101.8010178807244 77.15487212982337 1387.458796012803
1134.6604000107527 1383.6340386122154 163.4606885868173
1416.5813959436093 261.3031984998866 1354.9653250118827
130.90019330580338 114.6056274620183 155.49384832686653
726.4564433943717 1375.3476873681468 376.87687234933884
875.3852288796339 728.3936831686711 1395.3713224226235
244.42929998410204 467.66962728082063 515.0541317132959
1455.6301828553217 1338.3846482834165 307.2972244897181
448.8073099812683 916.7067697534397 139.36734347099858
1121.1596180603822 538.6698393899893 474.47048782098494
430.08059048596186 346.40965462948134 911.8776654194883
1088.9395402808607 1126.7715416966923 380.89656169765726
774.9444681095655 1337.5346932187845 607.2606155519816
1223.1520274237816 641.9122967074077 600.584596800255
506.0958532551437 1203.682713030707 1203.632858043938
146.67275487369878 1047.8270719958934 1161.031367751843
1022.6389026036961 1169.5783707994592 1090.9630447253849
272.9288348433605 886.430640990343 556.0869257758906
409.3058029165091 38.17091133805978 334.46595454247665
17.177826885465947 935.6074312895527 341.5070537355617
1340.4653800146245 680.2503006077075 1206.1473779441862
1202.3044585547202 35.71808688428289 780.6796108182618
660.8898473231559 1404.4176307891673 654.104034213353
220.7915044584176 461.9949094513388 1478.271038391029
1354.631778354524 999.7181235864936 1253.1692742675102
769.7681120054392 418.8188341518934 512.1563014799971
147.8915637203973 540.7276905877761 1214.6971801371108
63.04496827997936 823.6327429110685 1067.0240978405461
253.00344670538212 783.2218630682706 695.068632576446
899.6549991542664 173.27146323534842 587.3017705886118
1095.7711270704654 1011.1069176600525 1115.9943509023017
783.9971310307939 1271.2050833330222 438.5330002783976
1380.3160600665842 413.4198860055408 93.4591940050233
218.19721696765276 811.5932451487225 848.6964013956328
1355.2012715610015 1385.9657338253965 216.48274451925636
1000.0059219637916 41.478401500698965 1261.5148995248626
1367.0552288980002 869.0673295836752 247.7858392801465
1083.2975472782268 1448.6756181659866 320.2057044046715
1191.7266564783554 614.6059930753269 1206.6945859878472
375.1126206902988 1246.988370809691 379.14500964173277
521.782855204274 1217.3302969411684 441.6138418074876
361.33315166870017 678.5668894793499 141.41107035443926
383.0881078594921 279.54168593522957 1362.244516174483
786.4482828445123 862.4246216933872 467.70654856795835
250.54341648242712 498.6878000754771 814.6287432040212
152.04416335156264 1188.4435150072593 31.422169281946935
1115.4774503646831 1417.3164077007925 879.6282219930132
1428.341320677012 1306.0574705187614 1375.2839468799464
624.302751836399 1245.1505616882077 18.641781992204113
0.9097752240915682 1063.6937870544195 32.58693971238134
852.3387459898883 248.3822303171184 278.3023152056386
610.9780784322355 1179.3828382557685 1130.931271443776
476.0683855520881 585.8144621118377 682.6946756180507
1095.2965383223282 646.4264571875424 837.9121875236384
1363.6455198484766 178.59311085132887 1130.165019595176
365.46679040037986 226.98585039131507 1195.696150697201
769.2482056704082 661.4179616097209 981.6763459421625
695.4970425196292 1110.4374084578483 423.97534343747793
1053.1649745565833 812.2706384324979 765.1192218828404
446.71999206104726 1481.9268371057358 1406.8640890398244
1271.5842241147998 1305.5057691094885 1459.0374089861778
730.2780146222095 901.1725557354379 1201.837919004354
1331.4634749831046 195.6460511348143 119.44217818177306
1205.6205037800712 159.47005815739283 1305.945855043864
1366.7179865148228 361.34379248733546 1080.6735618875598
421.0500590308867 268.4728395400203 497.2018941666029
949.7294765979809 791.1626798684573 72.84466199091278
1149.109163425305 374.4119784705661 221.99673752854144
732.9209387540928 1468.4106644029298 1210.009558062179
874.5577715093362 788.8960768857196 969.9630441522484
552.3419422959295 1062.6160462620714 1101.2758774414092
261.57469707792194 521.6742683684928 324.7025175183117
1032.7050877193578 460.6286126580848 588.4133448567135
432.59689813580525 245.7489062589006 10.053137084086723
589.9519344335043 1330.6921946680898 188.36169192510826
167.0513806761525 1378.9591356475175 59.1125952251798
954.3028135235837 1466.8334963026018 776.1681455014173
357.06710209851593 644.8762236945188 1124.6196050298856
370.8579507349886 1477.652450012628 607.7086863879312
1175.210743522893 402.0286902996364 1448.9304781137243
662.6877536956106 149.67872135476952 925.9404384989592
324.9910071854712 447.63541160098555 1366.1224938954886
163.51572678941102 1030.0273632389074 21.821572626912044
797.4990221543045 735.4803464399151 693.1554186536086
1388.0115461935836 686.3576747673611 837.8194671324949
106.43365305943759 1336.5469433000474 1240.834102972936
393.65838822604024 1062.115433158908 934.5594491138138
155.29089062810317 1425.4232316631706 938.7053620462276
551.5206263418818 761.6859913838448 615.7185249368334
427.4667887589958 1163.1153292739777 858.361878658237
1487.1168761945346 194.10212174087198 510.00924427544453
369.99254691714657 367.89605245343876 565.9831414842499
1469.3443385060586 575.7751201683146 1219.8514056040892
1030.720800760459 920.8780973507547 1221.5636521747465
1259.9671147921306 1400.060689910992 117.0825718298559
338.04891628832877 354.3894704166824 1481.1285221209032
27.490820402434764 1294.072374928422 32.49243386722924
1450.0742431924896 105.01257938251929 754.9876827826982
268.1012417852023 606.9110151525442 1372.2320920292573
1315.400513467115 571.0747373286946 1308.8815178890804
318.8847805657921 737.1429908474322 1491.987298318997
64.66536917595612 848.6674957565206 883.1391422604445
1333.858482977941 524.5068680839856 655.9605574107263
752.4806478658348 550.8484240639343 1248.4780542371632
48.56013475789891 1179.006210406214 141.8817883937469
959.6325856164078 1034.745661284481 321.38477761695833
688.4088205535388 711.5352668856377 1384.0676601286987
460.04535087847853 1364.9642972017023 620.6323329650479
181.02171016877983 93.28937958130149 1302.4894509690273
322.2175830331493 601.0412808896856 822.0382540682904
906.8635634380141 647.6513975918941 958.706902294491
347.6471058973128 120.08878505213218 515.8407022713162
847.231467639961 277.6482523573842 466.59912400183316
1345.9032593962168 407.5691561881051 1404.2429053967721
632.6436837990145 380.60508520157526 557.9221842320633
661.7732123405514 508.6303295644643 1334.9884453233537
34.85388755320611 563.2769151832912 622.6905470497315
808.2541714167968 491.10851493250817 161.81317422669576
646.7531080389073 58.07942524790307 569.4078056249518
804.319807078885 915.5896577227828 1005.7542407157479
855.169150847547 447.34105202828135 1166.9853195513294
905.9467840411462 456.6751616655015 67.14573663396885
1449.1843777926981 1052.0089783853778 1100.3281559647871
572.7415748028063 626.4376677964345 564.2354049031293
665.6225521175445 1284.6393007700995 516.9816609879114
153.97831781101402 1472.2522035702625 405.8782538250699
681.2428732504836 76.43021130809798 759.4710036220491
664.3969570176763 375.2474993827166 383.21119744746636
421.617581359369 1377.4301651652113 459.55361801565823
1.7404006781047414 1444.531372328023 203.30499154453767
765.3537639837468 663.0687242323082 837.0053890652919
20.51987274557022 914.6639395397079 69.23461085730813
599.7551679536936 790.1247292673365 1126.5339823091858
528.0929510433486 431.62459825599257 494.49153491401853
714.4004770202565 1439.733437402984 500.1199891597264
238.03929727627914 299.8079464999813 464.76440598543667
927.2632727816764 1063.3860377708677 176.85922843308046
1072.848856386061 1051.0754980616002 209.83744625160156
1413.8654093009395 267.1306503928734 41.610346941483954
1496.9460208687246 685.6717085851577 1498.513716804287
538.8432927740679 1173.0042058442084 771.730717443011
818.0238282861181 745.4141842448215 330.642354065807
185.91432038755858 149.36054781516307 453.27966985166887
39.19962676129898 1063.3743706001608 1285.6259114727031
221.11376164334183 280.1572113003727 318.3317676227027
404.7386716562979 824.754834368777 1082.5225317839993
1258.2865528563138 1047.9473062438399 692.3161925801958
411.22624927995355 1344.8496346571703 1417.1499723547345
598.2727160432405 661.156008401315 1044.3347435044702
251.79907326766144 1446.7530343626322 706.1197402762318
264.78203517669743 987.0881098068132 825.0210132008455
535.7706926361963 1491.453885803031 672.9431170985517
173.82622215827269 1378.2427189906557 837.1710542895854
890.0654484058555 1147.5289455602326 1166.9027947147908
356.6183768061712 145.7536044466616 1496.815525151522
981.195295327367 1249.6487674117025 1228.9762270863891
440.6431672976116 683.8714927094578 1048.151725902638
307.4196553620035 12.444436357655604 865.4370106513462
480.0322781351353 137.22909012143478 358.77598243067166
414.56575807604236 747.4018415040272 406.22813771178744
99.06911896774713 220.77044037986332 1205.3602692896918
1361.175347437538 1186.0658782809821 386.54581314080036
1338.8058466506116 1457.8290101299267 371.32229817097465
1019.3424243063987 1374.6151724301553 31.772712694681424
1439.2335051759187 1325.4548877167367 1179.0991506723576
1002.6081416538763 116.80520496544854 347.8372626098043
753.3669845368357 1370.5234822553987 1332.4406796588728
391.1609240146831 1061.579954696322 1481.9642644597473
1317.406205329544 1402.4064083482035 1189.886698404138
97.65977932390719 211.65626984697232 24.915859221813715
1341.7542634822998 962.9465333065103 819.3268763677921
511.093607597839 126.28591280829207 1417.5216147567767
362.43795663182215 901.6512559506681 2.4684690811216115
785.5364914696137 751.2189365613949 34.61034944808604
1223.9632057652857 431.4440487900521 359.79610128478504
1338.4570743236545 40.3020119320033 869.8322699197635
1006.5159907021107 1399.6099872862708 603.7854374419835
968.4222321361488 580.3224913236747 1414.4128881991437
860.939140531823 1031.0255297649776 431.79925132932493
707.3413039638864 652.4901472568075 403.05922031466645
852.4351857239991 578.1589380343755 451.9921124949477
88.42417494354096 959.6320881444259 1044.7788180780663
400.8078590669042 505.99638330087134 1079.837005216109
133.26550409298102 336.12026295508457 772.6840901508474
1487.9228498832258 832.8111448750449 263.75069860696095
1443.664471791702 1215.108520446063 1059.1760379959428
860.7808922015648 800.1413554353928 847.9860599060572
1148.9057998409505 240.93266889159275 373.7142395211968
173.615863121558 836.2529475944225 989.5425655975338
981.2701739742472 406.76536182311816 877.3500224172067
1173.3189409777003 514.6770780132371 669.8797413708174
1440.2671377732238 539.0015122765997 1392.175272837231
678.9321141125703 155.27572489724614 1357.3966318951452
1366.5967079397867 142.88163113131225 1338.847716582381
464.30777685517404 909.5446157037362 582.9367085297977
942.9669810716405 380.68007778930644 1031.6748011005325
180.41800303401533 1011.3455224546293 554.6073366079373
297.25685493002607 1132.912537905283 778.107236312177
577.1921854446366 1061.9640813274198 303.499979036306
570.6664066199858 1497.2236685601838 1190.3167348307113
821.5907179695243 1140.601855241618 324.2747801501308
1104.3610935386068 712.7198903629737 522.9697842407508
934.2690073335921 1064.5947021180111 987.7604188897669
1077.2463580852202 484.7414029274733 98.73357992889471
648.3197496769484 1368.030184416741 1105.4639298729576
1474.029714209697 246.73259099487595 652.5290923544977
1196.6729525885196 307.188715036279 1002.9369665604069
127.79491227362402 1285.7239538977574 507.56943638391255
1011.3228209582288 1447.797867770267 1387.3858043580124
301.6018526569862 383.9690031574417 245.82567809953065
835.4184851150433 1376.2363180247687 222.00069570785436
1139.7636752076373 655.6896642216177 1340.4548051847257
947.3799879688313 266.65502181047714 42.72744294574208
296.3838595359225 1109.1450580571757 1196.9660498366393
1320.6573958217978 1232.611258293287 673.7998232606483
179.50969254687894 653.4532392823746 885.6721300801216
877.8327193881929 623.7386962820973 58.509329069726576
1126.568128403108 340.01559232368464 1303.475891477778
1477.0083524456963 954.7683992470992 201.72804901174388
265.6391446404432 1168.7103322756925 599.4121675829822
61.69684123547592 1098.1663789063211 1483.8056182395596
1484.8606548319344 1111.0505034654539 923.514445660205
334.2577346038826 584.8335943375386 945.5218938067153
958.2314716097428 301.36874806194385 741.8753522610845
175.19325656270735 388.98067265575924 1224.8835256419693
1245.9754799584043 755.3684838179953 932.2791981210121
157.997885498053 477.621170867612 654.2135766375998
363.3399696243156 196.64376213018136 850.5318207387259
1028.569964386541 858.1671247465799 1346.7188354527732
52.97064809198066 668.2901210793711 801.6340819150436
1372.6370655227463 295.3555513943317 766.0739903268887
288.9695961271873 372.57926545697893 1110.8195764482748
1116.7516035458043 236.8261660861025 1441.2243288706509
1353.9636153093986 1440.1171106941786 1435.0911574442541
1304.5929905986193 1129.7979676205882 518.3913707669277
65.24495659471626 355.32492893439763 983.1619208536755
37.32049211989966 1066.163763214418 650.0373311067639
658.6749063933419 382.78539254151576 887.1843180261536
856.2002747740669 1430.723615226483 482.6881255977795
818.282100025185 372.8693309637357 841.6991916967769
935.3534702908435 549.9469537379714 181.37305889170995
921.0835577797919 1311.2954502440618 845.83616491756
84.31931025495845 807.5136614741629 395.07037120653894
227.27996995820752 73.32470621663118 966.8783703799329
1229.5179322628403 22.271746042229474 251.14644324450526
1089.8570307367895 1292.5180690955553 1397.4360387995557
266.1343105222079 203.2061798199702 613.063769958249
1456.3310667595856 1029.5551728471376 183.01857775795096
390.39331473932054 1226.5570000801713 534.556032886431
1302.231339613298 1148.3462032012353 1378.1534930598978
752.9181782408402 1298.1057200615478 860.324627001305
291.86260302828885 81.02904636966285 709.2133842930717
729.5575459936847 342.3976429251285 211.67128474980814
580.3610917793311 127.36199252443296 665.8456542367373
378.07795498067793 726.2045107576556 922.3649397509629
1242.2817056017143 122.2623229765681 96.8173866896766
249.34754722766291 1022.6262695361146 1046.6273205300893
235.57509410075053 222.15707036731996 1412.4058177467145
316.13693197856765 1263.4979748247238 862.6019310131471
567.2381228099509 40.41675693501684 917.2347449180907
344.35662878711145 1166.2956965659641 993.7669643593158
261.56176345620423 109.238654553802 1170.5282550098377
1049.0609255252934 726.3389086203416 1431.6256073423094
1093.4990570102298 288.0778747111265 1111.7723128542038
1113.8507075554378 1040.0069764151954 976.7392659173622
683.2395721483717 1297.4438165368033 738.2242428599894
256.1980480535917 1301.6276629935853 440.6768847269605
1229.3265163808192 115.78003197839892 1423.1221173620615
1226.3153429754764 984.7737535738538 190.86635088618218
319.8643009692827 950.2176142125282 1180.8958596054679
54.603043663204744 820.6592105746865 130.765682179765
201.85939940305974 699.7667884042232 1066.489820483066
803.2390225243713 20.875993135263695 1461.4313337718886
1102.8635385094365 1270.9001562749322 864.371620780912
1414.5716000027 1180.2104445846305 225.45512561005438
401.8844990489946 878.9802463477937 445.224892681908
247.78983674796777 1098.4017887644075 6.351641082244669
700.697124936484 433.7210858623136 86.8483058033913
278.5901281953808 976.5643174957053 222.58096700312416
471.1760581751721 903.9218927243415 1382.4270218856418
754.4418888291489 430.66297014331917 644.5067584502348
651.9206048937315 229.22398435431077 810.2940008927611
591.5222281985115 410.3391817676221 195.2062213984252
129.6335857526053 614.9588071765252 345.1695859304292
16.12168339668815 127.63624474351187 1226.3577528771557
1109.7260085297337 564.9427744822924 1044.5391403911553
804.7097869608529 1306.6761836335736 1207.1840743424812
1406.9121572786846 123.48150393229585 24.425107604973228
561.1666752261201 268.58470722589897 1385.6502392775383
1007.7626820917051 601.1586610235084 1219.3819635446123
769.7576971727309 139.7672496173536 682.689607116479
576.3696387625027 1418.3736104954692 19.064952676851668
1275.608941365942 265.5210245148566 311.0829172399993
928.0963463246028 402.63713579769694 705.1959768255774
941.8482909865797 337.9566064228749 1255.1481211579905
414.66514139699893 411.6568108015676 131.913192071068
1132.245905189244 645.1991102439742 692.6082127859427
777.0882425999254 380.5397939712704 1289.4279110181133
434.01111762907647 530.4001688671349 555.3660703611057
990.6956318472143 1153.483797957994 774.5421312087283
527.3145212808814 963.1050745485621 448.8485258974564
319.89391893489454 168.23982402540057 364.43310193918785
640.7651416137096 758.6138506118887 577.3279319904464
753.3541821715155 732.5480176652973 1232.3371032766172
782.881355035558 174.63148427269022 1457.9378839000656
570.6087477378328 532.4135613451739 375.51161849587606
1339.7262266557116 552.3487840831831 161.6994980765734
407.98774899009464 502.68696640503407 1481.2001210147437
383.0223036615251 864.0653246051498 689.4469495551574
480.26679825690564 1168.5042227349384 1022.0608508796284
206.27477260496465 1184.2560374046038 292.24960338544696
58.52893775915274 391.9058489700994 1452.2170000910512
583.7960978734704 238.0754911323708 224.45991428898824
801.6559590572103 264.7649498198685 742.3907088499266
260.504735393755 275.35226246007517 1267.1862561712746
1018.9607974549372 1045.1918576187586 507.8205082082504
674.7732223224374 919.2396582935717 241.25317520003279
296.25776570046867 134.57817973348935 205.6862207283035
474.3920493888576 1216.9641892912566 268.2184075156369
672.8940453784193 221.2657617858369 619.4898814031357
1407.8768248296622 819.3869294712243 955.7014525568512
871.1728469384814 515.1262585685865 589.2691127017116
1066.616944720195 139.11828778817946 71.04784790425825
787.6243737696356 839.3425474522447 176.50016612471134
683.9890991335126 507.0352759509615 1020.0900358776441
434.3411256934652 638.5959986028452 1456.3951974766214
1228.488488268309 884.8668273645861 1203.20002074545
770.2301751899415 138.6646780597697 509.08218709377513
994.9176776046 222.79564677574186 1355.7482726786513
594.7179418730077 717.6186764099232 18.20341235887027
35.87165038056502 1365.3565310459046 1428.1240910191966
7.59234058196013 957.0088377138419 490.3124827581587
487.32966808469706 1235.0124600811441 10.346026969912373
840.9794829107163 70.52729013012953 1173.7090006352846
109.52776598423998 1188.2122436695138 361.848642639781
397.0820110253133 1038.9851468937632 1062.6791879273358
879.9606852273253 597.5824946449665 309.21980409596654
344.077382514247 1474.9867521474882 1178.86186345353
1286.5114109518554 485.77496515700375 528.6930196419765
1063.6818063695582 1222.0588113495287 550.6711331951543
963.6183868237346 880.5972221088239 547.2589876625165
584.501075836357 1254.2470102794184 893.3614954292349
460.24446737273354 1396.7459573209062 1237.0549670875937
874.736209677719 1301.8009561390852 359.33635208759415
1290.9953448881865 531.5453007103588 1483.2919374966016
958.3381048413576 1151.341755678914 1348.2755971404335
1034.4051403443582 518.3055219866035 724.5778666783112
1336.2302491847945 121.66733142840694 246.96268440148825
529.0978683809668 727.8444532980436 1354.876207585007
167.18839874561382 253.4097019985169 184.1200647266113
520.9095534591241 948.7475747997131 1486.1994774959953
1465.586040264544 757.6188306704613 1215.8939811797777
309.0626287119677 652.6164008025931 280.62808204331327
175.90862123853566 868.0202712260312 145.7695145492646
1006.7176848846018 1201.6267175483295 97.9431972473677
909.3737940209662 458.11791619494693 437.96423927509795
80.286728301964 445.9415879286311 512.0592069469632
865.7455148062163 327.26090546973046 1406.442864039447
501.4736954135925 209.04764941755255 938.1843089251927
526.1628904038231 800.0726040919272 514.9819166255578
1305.116406916931 64.94401815573315 1054.273719514752
1459.9371623741738 1240.1614420051328 699.5786218569687
1298.4316078246384 118.86830569436559 1235.7358337776352
296.4938124477146 484.7346634650213 151.23361521480885
1236.7498730016835 1162.910724853519 383.99809407029045
633.6944290801647 714.2681250645121 137.75603011101623
152.23150258926222 450.5067432396622 1029.9909486884121
731.0886643831778 207.0142127131487 333.8131428586663
411.59505542288537 423.6843662330639 1239.6430425365656
950.885268583632 691.9328594096037 623.1273859875206
1146.0203551068666 958.4293286809082 823.9288888092666
466.761093419448 1386.5875282402478 280.20194724865667
125.43141143037617 498.7863524270682 129.68877099789708
1253.1277431647636 880.5252195739974 313.59429163429513
572.4904025160865 1466.743430288373 380.21434183510394
1481.5758806273452 73.38451294383825 613.0247925117719
557.3165981479103 553.1345009953749 1167.7701170830635
81.35257757063896 1498.8877572258416 1276.4344848476762
431.2725003470799 1496.9665572885003 775.4570105319967
1125.159575856766 44.46536613240773 133.38525530652856
814.0580381704355 1157.5825229855307 537.2559725424522
1340.2417858807005 525.6817672260953 899.1831746733441
1149.8759202930771 1015.5954441034485 349.99610150187965
646.1109063719609 29.28459599545055 1477.7038475645459
153.57513573008276 440.06025354181406 253.6960337720966
847.5265009506147 482.17053088666063 950.1650570186175
284.8516248267993 1401.2859070799475 344.66102047861773
191.780227955082 597.6494834509701 216.54885677147692
988.7364160595359 164.70441748937478 175.0124115843151
1263.556283053263 1317.7386411167058 281.73037139627723
723.5410380935087 188.79791008557328 151.38333704217456
1210.1730498252546 1223.8292439215163 518.6634006801808
561.719258718517 1333.5923120906866 365.87159848663856
839.1267541236036 1185.8715912267235 714.5527230368627
378.2683587957438 821.3333893911034 274.9612292412307
831.162212544658 38.39099284344768 1322.0045408954047
1274.4980711731307 358.5706954170159 186.90619475930276
6.957854434454248 1104.430523022139 395.00099891940306
632.1576420303821 665.8408631472973 875.6635875611342
146.71736444020388 883.6340433461688 516.7884138776593
429.2365699575796 885.8619633560771 889.4736458307772
1112.7272148401814 655.6696873384765 402.8354875382507
1218.0382114051465 1415.9917125682773 1057.1011703851277
947.7495404926532 1495.9963287668786 1089.370827161761
1205.0127754446605 730.0491547465649 1481.2535542962114
1226.555092038363 475.60170603097765 1306.7462309045623
635.5838345847934 927.9599988054252 1127.7556579277534
78.22555626164763 66.25228038413057 473.6314399892512
532.1721321568397 1094.9168527810334 44.873849930667774
1325.038213100709 676.4536532286256 261.088782104545
1271.4895503105283 1380.1234852942077 731.2967023314077
1408.9742902465707 291.75586622840865 212.37543718575074
48.18863985461292 1326.9651528562863 778.1970928943578
550.1789266106895 1005.3729035509864 835.1858738263459
257.81213906462204 201.24416281882802 797.738905904989
191.22337918270503 355.3644219881852 1387.0285163163978
1450.3397038531207 961.9062647890765 939.7984086494542
499.7374061215807 419.44426362027286 671.4551216189243
1411.1999535377636 1159.5590534316086 1244.420966050782
683.248488980738 932.9216495995429 802.4730289716756
921.379614695358 1308.735800912396 1355.7238162366432
865.4585696010104 1206.428957153803 986.880723183708
1115.4472913701634 388.80983773036996 758.0310610217754
208.71418374880022 1188.7179852341171 1071.5355733821395
1468.9306069167678 1227.9697012496642 1470.2500707716044
1418.322438455533 573.754820396482 744.5610003251594
99.72299382198824 561.1560868880124 1053.6266748655635
784.8528403536675 323.22452047977947 53.70745288541362
81.03803201344454 828.2315804463828 1392.1992765583846
203.8430718048373 1412.0901257690825 1094.0342159524268
26.974460883635373 560.7282297236337 925.983238990808
809.9913126764884 359.5488940089883 364.988227805017
1138.9131504596553 915.0164829602599 542.6272475398079
77.47390190208995 123.4222127145568 1377.6142044674273
1232.400974918013 817.5274848365653 153.8331071061338
1334.778609743553 1059.3288318256991 968.7147476237826
69.97708116413993 1458.712758343826 1136.8178529376898
330.64645819265263 1179.8964275628273 1398.802081479349
593.6494037832891 376.62958083527644 1116.754337377044
122.10170586595267 687.4729155595885 1144.3320629560906
592.9330675590285 134.86664505596949 1054.1390024226523
83.81658561385217 1369.5094990766447 340.2019558379658
421.22998415602444 72.09537651305368 1216.7825992440883
1477.1368841800859 25.2393687944622 315.0878664976741
1468.0966867362924 1375.0392297594028 23.685898035418685
704.6452644589431 276.3370692060767 472.6111467059328
710.5255026705358 1116.4378228592295 226.8332158646567
1249.8076597293636 306.4962951607055 1178.7933612189513
230.03695682018804 836.9515329245219 1481.6410571022955
47.44081527542538 702.3814088490984 957.5117248451965
525.0842259880997 14.623069164230335 1483.871654634409
236.28841793303278 1290.0557720739682 1188.6011479623028
872.674656445684 855.8573777427895 1279.1896165518847
1099.3709627810263 905.5824917218617 249.15616235448465
783.5182146680575 301.15062576152405 598.3044651018766
905.7246794066251 1414.0751681026236 1239.7514300736368
1114.5130506571159 109.55881841131341 296.7942740784427
539.7986910788004 1252.4492670789175 629.3001781866003
675.2101417313305 820.037280824142 394.46018691660083
575.0880728558966 1035.9641767326916 687.9298731983221
872.206323353898 994.9340128872253 620.0819788638746
1454.21300779766 1195.6450498098568 552.0757508426
35.9475472482105 1295.0077542663873 938.6624520543795
1251.0045018065691 737.8097299188235 1273.0024997999967
692.3428285380418 527.4791800683873 525.0151919262611
749.2325978399862 1251.484609964966 248.28236599926532
552.4366662290194 544.0361310844306 112.80553447035446
1262.1702910860063 146.12182790022135 382.71720397812487
1484.1321836999396 1079.2798794295873 277.5650075884731
611.6896854093891 866.7933227435543 520.3124859021342
1353.439261807061 97.60145175366863 500.242614396112
1003.3357293476605 1029.2519164975959 847.6003907679659
948.3547532337449 1117.6261691760237 610.1154309065024
165.25457589149883 419.16995303844396 376.76841424648137
274.85850954172963 1099.4281841331056 929.5224102202209
491.7914895840717 732.8919363178653 1191.4814815424813
790.9357037322139 1449.709341198349 763.2876269760433
378.2081007682465 264.5396003819929 305.959536756506
423.44342821408964 9.66987369398214 154.3921442529481
341.2613535924534 772.6550953167783 1173.5596727887603
1413.8552569354497 1037.8620812354645 497.757988489896
24.301500333790916 927.9221160517677 1220.5687867213153
161.89739418069752 1477.3092548660275 241.25019784270475
1458.1789002693533 422.79060439590387 850.3709995987207
1375.655559358442 466.5492069904974 246.36665467580673
1021.6909237583217 301.81411158981575 248.06311490914763
1389.0806332920738 899.5251767868696 1104.5412602844588
649.4155081081858 363.5918904151215 712.210444941307
253.27193955565463 685.8794804883617 1233.402047978288
445.05809652850644 703.1095112416514 711.2707320031876
1151.422259591942 886.0892046975143 1012.5243601693256
380.8725681331691 1237.9936520339943 712.8782284097362
122.03973535176286 148.44274420550653 1060.5108985526745
46.88385931626581 398.67238136661365 1308.0652116837002
1294.4803382126527 348.8104010496271 662.182526335168
1023.5485160588707 395.53134774975103 1443.9772384628136
326.2303193594992 1270.5501085881913 236.9673011813243
1218.39148748268 495.87577184588054 124.77787318332777
498.2794949873607 512.8967004549739 963.9155409013104
847.6120729882981 333.1699698763879 167.81699742889288
1326.4998231660454 917.3090415953461 566.5000667758916
49.63588000175737 1228.9330553164123 1325.053541503407
302.76443710936985 603.1278754687481 624.695095432771
715.7387925927685 604.712128736989 59.838542482225726
1373.2066080258114 861.0276791088306 674.2805561842216
1349.3096837625556 727.9143125482859 401.6393616508577
560.8014582924385 254.69420634116227 381.5174355464218
57.79678674364075 1386.3916885157385 79.47115939392796
1057.668583684229 458.1641612441259 1164.9134332989859
137.18165991992018 944.5085342329589 708.4810500578498
613.0147242279671 496.17490974406536 629.1503999780329
1480.7691138691562 555.2969329020892 273.9525408622599
1492.5893506857512 1109.0372450282425 53.51984540628301
1027.417015116601 1034.7351389578482 27.261313692603107
145.0900915283586 1065.250685796379 219.3665948124637
1320.039615120098 270.10314519599615 501.7896000773496
920.5707405145838 1015.4093673513969 750.383865983126
907.1723636629639 1009.1172194560733 1137.9561947016834
314.72154634098456 1427.3145251887156 12.20278982189052
1258.1326865180847 438.3206199448297 981.0633421770232
1217.33137741848 190.4256758974281 704.3814814277083
20.389057078445482 259.58797625738674 837.3470966155922
1408.2268920269073 1061.3691574491618 673.2069407174993
77.55105769012012 110.58926611299428 902.4783630913572
1437.8536327882043 682.918754977313 1091.8881985209616
1062.7727892360188 151.6164923001329 475.10664058410055
81.52616630712008 1478.8040019513091 1006.861268359261
1118.9410121450207 295.5664875970501 97.69591301042662
37.62958965422407 1173.1563290914582 789.5013357484339
129.45327399402657 165.69762480105098 724.6323202320074
632.2894292916511 855.0170167412359 86.26537255866221
1096.670164582202 1254.2192876696747 400.780181738261
460.0104792772667 605.4077876719712 96.91217370189064
672.0338899082474 784.0621794303256 723.03957802241
1051.9070526738221 636.6747778283839 229.41365387211798
1329.8457925408147 1037.3696179492804 334.2961735656282
701.8145883847152 261.17165070120507 1087.222573498343
352.1561911473502 1284.5142304142094 1280.5564403282813
766.2477109725274 249.53039958639823 929.8171405286511
118.22754362290583 150.63686539278783 323.47874407928117
106.91667719659317 1252.9249904632381 638.5449322929915
1017.7092688348347 43.66353914115596 497.40566234254607
1381.7989580121941 1203.3140679936091 24.64557728940028
1290.2124089044573 445.50587067421117 783.107993942744
1465.9327190690765 412.78137216423653 680.870502049399
1087.384656690848 934.5899638745205 103.55082800413695
442.1032419278199 1430.853282457865 924.7927457284865
1152.4927265232527 1364.2339709961059 511.48706805573477
1144.4080706494067 571.193291574224 1455.6980249849357
1254.9534135338597 632.7159643603322 439.9668772096465
777.8854416389376 1034.2154689211864 731.4302403445807
1438.9226673874196 487.2403511063813 1054.4806502905722
1368.4979492731532 1124.9192336880342 831.5997461742883
1384.3285371890238 135.1838731087871 922.7065814674891
1345.0322989866984 738.8671780020451 557.81005387738
999.7100323102072 907.0132463074585 855.1262526170767
134.26335766687274 1014.2507061456008 374.7378910048812
991.424234136152 1363.0972189632184 463.13618178950145
362.66292227373896 1371.3993867484126 763.1581917501921
1317.3391675489477 668.4861712269617 1405.6963266502305
278.29707245439965 585.65404860044 24.567533007498767
1177.0641395753914 1429.6397477698 1463.3670531138396
189.64088641448734 1490.6566830011789 9.739458364904294
293.2086313742045 1333.8018486643755 587.8583476222988
262.0337730659426 828.2066533856568 1338.9205025556712
1103.5940285870101 194.82519462232298 769.6610557619636
491.34683086939236 534.5470046186778 1339.7029017102752
731.099058448918 769.8216322507047 1055.3170289384311
834.2623113092492 200.9522125464945 1294.0118549651338
50.86487201325605 390.7850536599678 1137.4808498175503
439.401301694707 1063.1478097537047 199.9833871963009
630.4907331756295 116.82474975015795 433.31416511635535
490.3415127665159 299.8128463608291 806.6866071244058
582.8130891916971 1189.4672278148748 167.3042158301736
708.037785804248 632.0331174745209 1135.7806869843544
400.79028335905997 475.471552849837 816.1243943706371
556.3371507235189 1447.7740773016546 1399.7391182817346
802.8238781445011 1252.2205740645377 1464.9973115252283
1064.9728480145654 214.5209604583072 992.4945535416704
32.90862922625195 301.98075346331456 287.9194777480011
168.34518221989035 28.847024950101858 1144.3804652708143
919.6145787754041 876.4887443186378 728.8396344909792
1179.1171183684326 1196.7555950415863 680.3491959133082
1412.5484605492422 769.6201760426176 162.66597601899133
1366.81670245406 553.1479815856256 384.6549105395725
545.4467600588617 488.9924991543215 792.0099288034232
281.7796587595151 500.7208057070839 1242.2150438395581
193.26593483813144 576.9256461012599 936.5522035697935
18.362342938935456 918.9036666238266 634.8055472758688
588.3644298082047 1086.9625034220307 1415.5628696933518
609.1623331005851 1384.8560427691402 963.6292365397901
1269.0330196662214 1253.066341908934 129.08545050111076
1313.6032971087973 798.3446154844208 1120.79957538545
333.31843072036787 413.59504486245385 388.723510304053
1229.1831341151133 828.8369209230824 1372.0312784514429
736.6783453477385 808.6033129388717 881.4636684635489
1184.854661638381 56.91327488635574 958.4748035010701
1109.8397576262423 1173.6328029549877 1269.176195057502
898.9125493810981 1297.2337475873546 557.3366123651849
1070.9075621140266 317.92516901128675 897.3980247359224
1005.4221993293074 524.6234292440097 909.3873047907349
1009.364851719334 1270.8089023408957 685.5715181642253
718.5036569792941 1412.4431477703404 1481.226034880008
982.1687650545471 917.8506225519789 383.05699231320966
459.36216914858835 1323.9657295781724 149.91189826773717
929.8751338008713 1174.7397268822394 438.7370874895025
1181.6765459267301 374.43174062958707 524.9218886905812
75.45207685540123 284.1412689260433 425.68820675730575
1275.8193313224585 237.90662612031437 1442.7680612023726
77.5771317002225 1121.9328452974962 515.078270549948
875.8268760668531 1011.3401505278092 1300.4978325672935
1434.9567156962712 393.9546636578003 541.0696493555372
1125.0952253348219 770.9828619033746 1253.4810927695314
1039.7329666444903 591.0459149780078 556.595849695089
323.09671457261555 12.336641370420239 1030.8924214931938
772.4968039574479 699.0912521061983 509.9354770217965
299.67013493339937 450.36659030839303 943.4636981844889
1176.2848572605221 1330.2272262112485 616.9343188820001
1088.2009471366932 1375.1490750554385 1305.6385966739115
162.2097068396159 215.41027434267156 906.3049426497603
1419.886191349009 953.7881479786892 75.23996498778098
1235.1350815463736 789.42863863301 483.68373890438477
1146.8648198840635 1149.1871811149192 1098.6818829102758
789.244218246301 616.1892740564414 1396.375104632721
1313.658955409985 963.9094475394197 1386.6523791373793
600.2306323432302 554.688903437595 1472.0772622140178
137.3215546304157 991.4063943099151 907.5511369937495
872.7810555470496 524.4869050085645 785.543882022089
533.7026471083776 1066.8084845065443 548.5443292551706
301.57646137965344 221.55073856236896 1007.5483281390509
1364.7480623968518 846.4812808356888 1286.4319390040646
661.8522048159808 1410.063031588366 248.02680894074328
244.88050071634638 313.39615609636473 927.1454444317412
659.0934613462216 1180.475495528081 1285.0430016954601
311.86679573622297 1012.7845511613857 1370.4103173804876
296.8931646919775 626.4614913729083 455.03247378675206
611.6592588903325 668.3220931701098 1260.5534136424653
870.3550807775047 813.3707794949282 1124.280055965243
1181.906066851142 68.4788750096664 443.23718716491214
1309.4170590887961 597.2621703848803 1103.9401320679892
1027.3152144078895 1168.187162186737 953.051196617355
96.28106345921208 1439.3585903657392 705.5667780384639
861.3625444577918 943.3590975952615 856.3018597351138
780.2746918391817 1346.8160695812423 1000.5792871798728
617.4491466546757 300.2501474742029 989.3495294756198
457.8754679444933 379.11098460422517 307.37225405558945
728.2287554433436 274.71747278411476 1383.2641092902252
894.1907981152748 473.1815483119796 1339.755293274261
1214.0296316111255 550.7742504863189 291.20688333286125
1057.8691947176626 828.769099330895 1111.4910562257453
850.7329407742383 145.4069584982674 93.59208542215836
202.24928398653523 32.656779577846464 597.2373478475964
299.43504106639284 1350.7809135989298 136.46647509823612
1160.780801276127 802.9448724238625 805.8916180706212
1077.4034153947148 496.18181694341024 1338.2714340400444
1049.2046571036806 1383.745835965795 1161.6632945556807
1037.4687781226019 322.9447993818462 492.3888617098725
777.1986599391184 128.54422067079415 1035.8623326899685
459.9486726753126 1065.5557763090092 1395.0158711627996
387.1519604592595 1221.3975719291275 1128.785026139804
1320.1028450775511 1311.6543043224817 447.49026795057904
662.0164883685577 780.3160762644683 258.0850302312491
313.9890833598767 360.68459804247084 823.1263598767578
515.4538585151988 1331.548896938427 768.43127966139
4.81391417800387 798.4407644290131 528.5212843426665
579.4722705319011 160.57150684252628 64.65059119827087
142.59190472759394 176.58104365520154 563.8106649899535
159.03858481920605 1463.9642151302314 1408.032353955901
969.8700630446963 14.367255207289059 178.36084167841565
862.8755779128105 1457.2465266934928 922.8888517030398
106.34331437933152 806.1237259825573 685.9821053083687
160.1822575344362 626.137015608633 700.4523769148908
1146.3499003761315 1276.0332244692245 64.53226471125477
632.5572197300799 271.22399493137794 49.812990146503324
212.13888988281207 1257.176562894146 726.0201550791569
1275.9878385945815 300.7077693771802 1325.9656579727307
317.65252989710797 924.453380631155 1005.1630579789828
446.70361443772043 155.52906860420651 197.62045372606119
880.390233959091 1113.1733974117308 1497.8540357491236
905.6140351496591 730.4902918298922 189.78987220669907
903.081825978321 119.78176613524357 1010.2536074496896
1187.1211948432574 910.2512223654119 685.8846270895189
421.84298966598624 144.42440609392506 675.8532474454069
113.17890663860139 558.337487839058 1492.3877719144825
380.65793712747757 1164.047598608004 134.54281415988729
1326.989610788702 1141.620740953721 1106.158972652075
1224.860508844896 1370.0406823950223 406.67970416230304
818.5263858325501 1175.9870740994436 1317.7257420523292
298.2363839126877 1095.6068341436596 288.81731145502954
1076.977848502261 499.1712034102907 256.81130003163696
1416.6009915807524 718.5382877174379 1347.9014336310536
1394.6398569757932 427.6620947668546 1249.8232475423856
40.113443294778264 659.7230157431551 90.0537341535172
503.6235213399645 294.7626962904469 1249.9581019579916
1063.6836117004755 1350.5332228612012 317.37472898188065
641.3077082596076 569.8269793629078 234.08501858913525
751.8163037739729 859.3805604191839 1479.8242435219884
1159.1944427868946 1093.1602135362361 82.96908995669482
6.244282754272717 627.9350626156086 197.88159784793413
69.19233645920703 1191.669526672034 1169.8655461108551
710.9069616838397 1137.2615168519176 63.8637018817462
677.0349981190473 1498.552635553226 1061.9680863448182
1354.480786365093 662.7661717948663 1001.5946305898063
944.6985793097426 232.8718956951725 874.8058708918804
889.796372448782 929.926943771683 81.42363244169684
1318.9770006208007 501.90819482104774 1167.6360035929154
376.82315085096246 772.0234883662512 538.703281756335
788.6789708298297 483.4955763394937 1443.3289810826202
447.7674291036343 676.1655771467418 544.1626464717066
847.4077951232308 1487.5078359355048 622.1652206185528
1364.6751808457884 391.5206156375848 363.4669294053722
595.7227482628358 656.076882231298 703.8337233934031
96.15432485468142 515.5137870036586 789.3465951174157
156.96921700539394 1404.4949451224359 570.3162954066464
1392.4452393789575 574.8921323660213 558.7062162172566
692.7818584575252 1152.0009427443306 818.7671755739054
988.8227255062072 762.0088745353656 304.29965486537986
455.00928032468306 1293.3775236614001 914.8088266007217
1443.1207436576683 1097.8099682987952 1451.3723592044837
1169.064880887795 1.4812845017341978 1209.654445373652
1140.9140320570932 468.0294102831426 826.1493775612347
746.9979480145546 1070.891026157946 1060.7794112379615
496.8718827139473 1220.6409854469032 1325.9617063653193
1244.070757580281 1124.0823390206208 239.13811057961055
178.76471820749416 265.15213480137584 1086.743923597852
1198.3126474037322 730.9395740206161 1127.9390028353905
944.1938933641984 1300.7386293529569 1088.2640731436152
230.8737637657666 1288.9646667799311 1375.988105769581
949.0374912399476 186.5882507905765 1142.3815600444348
1058.926031443655 429.9686275924769 366.90575327168324
1275.946100189477 1449.7805448335018 1343.6030992896117
845.7531147143063 669.51511402309 1099.3904217583251
1402.0496083693395 873.1748319138969 415.1500666324679
158.07264370331333 907.2059989124808 306.7915866994457
234.98873222375218 774.9708957895369 256.50162909200253
807.2054822660399 287.6214582787085 1151.4839877348657
956.703163486683 902.5700307658652 212.55328602211043
741.6768219455696 1120.1763919026391 1405.1906218245313
934.665845352656 1190.800558691531 260.9784246114492
1025.224776154388 631.4838779984731 82.4468638106094
723.778445331796 1308.4819697009248 118.52661684689433
1484.24655657269 715.0279827977878 646.3742785870444
857.9219825055875 608.7190245925462 1229.8721902806965
1114.1714109354702 1286.4386901368205 1020.422392193377
76.32320220774737 254.84453701658913 1340.2781504530549
155.93414965969276 1326.9419184410347 256.4507889850087
1030.482572647462 1085.8025368680687 1217.6977843492214
901.2870728621797 435.2996788949833 277.5735955850673
1129.4035886673823 1215.7701672216847 212.61187931197992
902.52265318774 362.2033861341192 563.411859555896
133.5871999260101 932.4325869748969 1226.4553053454374
643.4604113261726 1270.7895423659309 1397.6342340596557
533.6045784399477 861.8625908581913 332.10953893715316
725.1045477955205 1483.5061134429734 909.9526982049708
1480.4535472965986 1412.4545821466102 469.8725629127178
476.44312819887136 627.5528299566494 864.8210626004557
1238.6497335773622 1274.6950815642049 817.6097093540136
326.6754822022649 18.51895246635081 1347.5014902156076
687.5286116608354 1172.334641872862 640.8088720435497
1402.2488926322965 1393.3142000498003 1032.4221305870299
182.3015570059697 1172.768680001675 1291.2783036243025
1079.7555867330132 1078.432233258318 677.543813741605
839.3225636797799 877.0686900872759 310.4326213093704
1031.3338687525477 963.0600583363728 691.0434043222364
333.90140710420826 833.3204979309131 108.12707594284898
610.4657372720033 1335.5915675892816 1241.815615420998
477.4508769324988 916.2394584770082 1163.2337679642137
1094.599054689176 1407.2976639357494 1031.275699949626
529.9506322910086 159.71968081823402 1275.0203109795334
404.3064800343249 1111.554559452934 661.6844649771141
1429.5017058529802 160.64448840644778 355.23324117098963
1276.87725907828 929.130818575853 953.2301392317501
1181.9521557116864 196.3811218829476 209.34331265138601
573.7077422968675 772.1807788826294 975.3881338563115
243.27958911035356 49.176065498337714 315.14935662491047
1483.9675189910456 238.7039769993844 1038.852540486965
249.18570000961577 573.0553903430289 1075.46256818619
890.2652009156536 307.41459050026606 985.986474623495
500.5122902860709 935.1319268527646 1004.6717114343269
755.7475358520737 1226.9043487682698 1139.0373341190912
700.1654700849753 518.3418756418059 809.0548438240313
702.9927390799205 595.9248683622205 638.6975691387848
390.0410985755179 122.19596464993036 1076.1401293759366
100.26896307883828 1305.7911103869487 1060.8935549496741
673.0627628806446 275.69566120541407 1240.4886541883604
64.82494970688381 1474.9127006738734 66.81678872334592
884.2540684651636 1362.6893032461694 46.179263982868655
995.9376128656304 43.05281705651675 928.2019596987402
233.7933652789018 1163.1752429817775 150.35623097844
1256.935155831744 983.4137865343439 441.15400270946844
672.7743646006421 387.8916488241812 1416.7361595939942
916.717719653969 128.0078759289146 753.8377357514116
431.6599530270356 946.8228114190487 292.61692187954066
661.8294872451421 995.5027406438041 8.137514176527702
880.8936006996097 125.93382162859899 429.15963744429325
475.3124580011996 34.42472942235431 510.07969083450473
1323.818339973412 62.72265297955498 671.6006658763987
1294.5134718366226 809.9648261044538 784.8593530599815
730.2800814108954 1063.5625798628575 1220.688065985131
1498.0503866186148 995.0688235647137 793.7790903969747
9.233879745235757 1228.7091196569531 270.2187322484872
790.0227557195633 1479.9668026251659 136.0170686819465
1220.5587756035663 1062.5759637424226 1248.1744250013944
156.66576190146915 705.6957384581568 574.296907590712
668.8524018055895 1216.83931908226 983.3023737131152
428.1434866809499 1089.03393724687 1219.5748683584004
277.0728903635038 23.18020224069255 94.65514207915939
169.7045083102397 1013.6034560499075 1352.8451984608953
578.1361331007485 793.9182456412957 823.1688233286698
1187.5288189424025 638.8308026254165 140.18704812628357
1250.312808565029 626.9964209683018 742.7712706493312
1179.495445502528 37.06880967949692 599.3831306547685
232.31060855691982 347.05227425527755 681.8731245518776
120.054014070515 662.2983805153727 1332.9614553823048
227.90737587437485 185.9802695702651 46.601325841552885
483.2694463961432 397.5387196117831 1402.411888147689
1109.9990938224676 327.9937280427159 640.5352255113897
1229.7555343889628 167.55586051081457 541.7416970095314
635.210406100905 110.55697020986574 242.33590931663582
110.15457312709515 1126.5750538272737 1004.8667041900454
6.7955839081944305 1273.967841752183 444.75288836383476
1234.123960057384 335.82072419876965 75.73627643283938
979.7145091736099 932.9480043084399 990.4731966285458
327.3320562589556 1454.992757524478 213.99349065729325
1461.1854109256972 728.8708440711597 341.9000929026882
400.1548342961437 1077.450311699131 399.4259720121149
28.670296616013005 1463.5271306661537 1443.0915094954296
1197.287872696163 439.01276702903857 1123.1261088992428
1396.769107159922 814.9664892272145 8.64312574618475
14.698326124373686 457.8755351210371 375.56876081027957
933.2134665357692 737.6924146396565 440.8227853335191
426.3042234701286 576.4634139637583 399.6795671133057
283.37000428887285 1326.705043324771 989.7841073402369
1252.5792494612526 919.8274173178042 78.75714775494852
77.41636337514616 799.4157223871642 24.466271074892664
604.6781781203272 874.2571456662116 1402.413912022541
910.5715328681665 1457.8036286208046 335.8287282968846
962.6229932732737 683.8885418539111 772.1825316298921
1044.081917333427 56.74663528636427 668.3537645841169
815.4933370436877 108.87582935452443 852.7501317612082
973.7404726967331 1342.9646214093355 177.57265697928844
1442.190670307764 89.88332981085875 1036.326642972928
770.7069160156801 879.0528833801042 723.0721859551936
601.5157351197968 395.6798727245368 1271.7654745243394
435.41109958788127 305.6921956459906 1072.4344053556486
432.49017204326253 1451.5453986561374 13.849635856531474
778.2564930842296 386.3409243905519 1039.5625852658286
1368.1575468349167 342.8020627606788 935.6078205955785
1480.3410804815526 153.56470925238304 161.66286460695312
715.4720851274556 424.78006215355504 1155.7094893971046
15.332578848350295 1311.120181681358 130.6033236110325
937.5075889735482 880.8604544609929 1451.073812237007
1335.5432525355516 1309.6643481886422 563.46212728773
191.98571943064675 343.06256697142004 86.715398637148
156.7461382954864 783.5734092402096 1231.32386817895
180.52920234610417 925.2383510050979 26.89109072364363
254.8329420997591 1124.0200055612172 453.3377355221138
840.311501015028 1198.2934438091083 150.55477524401292
1282.7380566690356 1294.4021545850653 1067.0894925374732
1184.7745091824665 1011.0903369563188 1432.5047370656193
697.0395934670238 134.299416385529 1198.6713479413088
558.8431782362316 714.2527475812789 421.7941296352086
1081.7350993989976 779.5780798595092 145.518185626847
558.952260614582 1092.7645989702542 950.2830763762987
419.614306225619 1032.8214332477678 758.64865546522
1186.9050218124553 143.3326029247926 1097.8661601325573
944.3123137133285 121.3315966767995 1423.14923420905
292.59448293789643 1002.8261719314174 79.84229283072226
527.0961045721423 1326.198418721372 1076.8119722782455
1315.4070864387224 1406.4552344407489 552.9832925615578
527.0769917443652 134.25728958407544 807.2958222534078
476.867267396205 689.811766670216 255.28273604012747
762.7968484118086 847.992703523534 1354.6431634391383
1323.1371437457017 176.53834737701894 816.8012578670631
546.5854674150582 880.5250676654397 718.6113181723036
970.3926070879544 41.755859585929805 40.97196272238647
1400.4432717472243 1313.6856491628355 852.8146003545647
749.9429477649402 46.694025037813546 343.7036755663057
328.38050957125 1480.3260290228582 1497.15356685731
1067.0255482280043 98.1383962684146 847.6973866499635
940.5960985251177 519.9224694373494 1046.5355284832751
145.44236005093708 414.36016711969626 880.4279163074503
1100.0012048487524 169.8004561991498 1244.135386785864
1403.5012074269316 268.8974309555168 407.02085365599066
403.72753746436604 524.4477688790039 238.79882150261497
468.4907822729654 784.3513117858195 1499.7307112854514
12.254032709091529 628.6718597254334 462.84354475071694
213.89585153829404 693.3543291964229 109.28247560826833
1165.4918982701424 1066.0393002918845 543.1090525727795
342.7096478900389 481.3013400367647 699.8807181568448
763.2247994063722 1081.7849193256227 909.9874265191152
564.3145479744829 1378.6223085106285 513.8446846491805
1216.4577174812769 1172.3819643776217 972.9911974191795
1262.6333383085544 1373.2603352717729 935.1129069084838
864.817304250978 1343.2410434738858 718.2683399376831
1225.87175942331 768.7679550668125 653.8817562028365
1052.4249305051694 168.2401505855411 610.9152248286491
489.93719428643385 292.15343632493045 156.47578314744857
1213.3357160760297 334.6196079261624 855.3114940781384
994.090391932875 400.95195145734107 147.65272453531222
23.118323925224963 1458.516445513337 868.1199318471878
1385.8136873359397 9.178283198199818 145.36620685641375
1152.1162295759218 967.7442375156749 1301.7231311090575
169.27206401546854 726.5265901450601 475.66667791015163
1221.0606906671658 1311.1661848612869 1332.1813097099348
611.2601587855951 841.8542744943649 1269.3807465186858
591.4792103413863 991.8338420836291 166.52956188648196
529.7997638934972 272.67615545400656 673.2533386269864
1354.741078108475 657.6238030265308 82.35355577502794
1035.5344744694216 759.1568043669163 949.9691040538144
547.2788644944138 190.1602539772697 1138.6389787873547
1198.775557423534 167.41313599186037 911.8512349726035
974.8929379328872 1345.1109964119453 959.7722072411934
298.312544095389 699.6166664174077 1020.0067861704099
281.61060382222547 1018.7182063138753 666.4153286729066
148.20352731477868 507.3130769447114 1362.9633974428293
397.41805264842645 610.6073722343874 1278.6330108658588
866.5285201391247 1130.1846903463402 852.0739391894247
1196.1272620255554 744.426133395228 285.086365170631
112.27726296878103 320.85699420963743 591.377664207186
327.2629475071088 271.550432362496 156.93215948674575
224.35766171938573 1439.8861418089916 1252.136830343966
159.9731433338983 1086.7223040009594 810.8421285950461
1364.4343915234072 1240.299687373747 955.2383994465188
506.6656835376272 805.2929841318863 167.48107509795682
44.90997410149292 367.16579308063194 166.64600063021325
682.9386658377379 29.314196388176164 91.44871994808591
1108.2245125390662 869.6570945191155 1467.2358363643475
716.0686291231199 982.7984867394075 558.9794680116426
396.59081314592464 1343.0305095645722 1080.142198070906
1261.4183422993349 999.654195486474 1087.2348264404134
69.32862144516314 724.9353836358574 235.07824780256954
1424.1897481923604 270.22817882838996 1221.327357157026
300.4302363527232 1490.5351567679852 472.5589542701535
980.573292135856 576.9451598676194 366.5408934093313
130.3056844644417 1452.079476693373 1473.7619013773553
1174.0353104189205 1089.3474994863377 850.3625965041549
1091.5996614087335 400.4894145383015 971.9736714425321
1145.3811230912772 1150.7509846720236 1425.6509622679332
826.9618730072887 91.74758710254105 250.54405181116226
267.4969646235547 786.6691763721462 400.99114529116554
388.8708868406593 303.4579595597615 725.1726210080989
1014.4194065797532 690.4244944393138 1105.8584213814695
172.95155142575214 1109.2961629383105 676.2207743672996
362.51899424582695 1263.2264418153068 25.650771336016415
823.6643962593141 1008.1239172087016 248.10936866686748
1128.511501642481 1289.1642912626435 1155.956890139276
1462.7911232899312 826.6890248561766 789.0117495188597
