1261.2499692149402 730.1955716394983 301.1704875709946
368.96889830025583 801.9089098666739 1354.203679942736
749.3318380592143 349.5304755821662 1263.4459176378043
302.08563845540345 345.0354623153638 234.4695121044538
1101.6608145991397 1091.376518118031 162.0628743792554
974.9332335041227 162.20413115792505 168.82430735853924
951.0609689672976 28.779568387772187 139.2782679234695
844.7734286840438 574.1657235023647 211.16303802075035
617.6799996978604 652.5566357358322 968.3619881665662
965.279815168845 37.71421298995007 1150.5835889284883
1346.9259669781045 793.7329290207549 1446.5274244458194
1208.3025809255798 1085.537410146626 463.77312622958533
902.4586087053351 1350.249898760095 454.4351485193812
441.15845875465413 990.238409524074 569.9258032910325
505.16087454926367 156.3540388995154 771.0314758763859
992.5129915083406 653.2875762248589 235.01714360746394
1066.023038771237 283.8255096715798 1264.3240886967592
972.2724143032539 433.12792420127585 163.05907930570768
98.5261295089662 773.838109795326 737.0850377030296
722.0507741237335 1031.2344887639395 1429.5431335222686
1117.5912060639175 1279.1737819118935 98.65617186860123
676.5973416473167 381.17126860035205 490.2551281223924
745.2782481669857 1194.0170581549633 1307.4322548289288
985.9157739838344 522.1469644916349 1313.0881651046568
723.1741779433754 295.95811220580583 353.51453463373196
219.09235777111013 661.9452815127297 993.9710446665183
1315.0714289634907 604.8145918983328 397.69728998549124
471.45332507082196 1193.1100816437631 1440.0558727114903
566.6930891261621 1230.4119217331208 907.6017659047151
1073.4903878681573 1185.4227835431782 741.6480969815356
1313.47320596296 1478.5234943155097 1410.0467630195144
1204.063377016131 31.60789561572711 1475.8784187179292
1164.189823011899 1111.3601072867518 315.55885251811594
950.5018147932967 316.51560858850246 1077.1011474636896
267.1804265113052 464.7414905662168 1212.4176993208594
1300.1243592824785 1306.533857816808 148.06110789525312
1142.5677828998107 806.6442661353999 172.43270182608487
116.89212082693304 602.698214729272 618.5961654780065
584.3471050206634 741.1715674037895 552.2362744734559
569.9060930506523 807.3206282489148 1211.150337962253
1024.3162671371595 668.6593576454602 771.0200388551477
419.74564299782605 212.28681087663483 346.37507517355806
691.253555053034 754.3489378829262 696.280161788383
1269.633118467677 383.4627929582595 1070.987420004133
877.1504892670149 454.7634266502286 1059.848357399635
872.0707979730075 66.14373048516323 672.743716342464
1197.5163252220693 1271.932452010251 318.898866275022
184.25936492312138 1102.7432921417824 1403.9441749407358
1306.470584829072 1431.4803425095854 1265.2414887190334
869.4178291397347 1005.6016803099722 957.8741799735976
927.9704596628012 1259.74837964452 224.99311705919368
1215.0103175604975 701.9878141534008 973.2473631185806
805.7942984064432 1163.758321866268 522.9918598666186
732.0758340147679 674.8269605390856 1086.8145098278114
307.48780810282784 108.1521685653858 1173.6547243695288
860.5212188628519 778.8048815295764 268.6586179237369
534.9024465189635 652.7543271470273 1137.6865313823187
90.20274740723484 718.0271175020328 901.7793429672677
1353.3629719625433 647.2646307051307 82.14837946065728
1443.2972330695575 824.6002497370317 72.79920562344023
951.7387914354825 1119.4245914299624 4.5557747793886785
1410.8090102726662 487.7956747042153 156.22242721149067
1040.7437774258985 496.54734018835717 1484.264567717261
893.3954728467172 1392.318719372576 1218.1387168559916
221.7673320386413 1280.3113081650065 1420.498794826188
1441.5536838221713 1056.6976163287475 373.68190093973124
163.21314580371364 341.51669692622477 326.4822102248339
291.8877699514139 288.7027107886784 1174.3366712285895
214.14745729917934 500.45493680862944 1011.1852536161932
1042.922973914832 232.5401459007445 935.9053377177715
881.6822027471426 1416.0971846644622 1402.2687219019683
504.9389091376504 1160.2446959429337 574.5576982083069
1103.901526203707 1473.3312328649029 1151.8948513629382
582.7667367674783 556.1753544308174 236.70796199327788
168.68015944441768 841.8812856057492 1411.25170248421
133.67412186066244 993.1722207938053 559.1339875580198
1472.3408335712672 1146.5433273769538 675.1648951287583
1010.3338928774523 72.60150451702165 978.4773309476757
83.56765954219154 744.667577766637 1317.7070362766424
1067.357303215564 35.023729807429355 387.0978321841955
1029.9824682843487 698.614779382304 93.42349542356219
523.2275039645297 864.6804551931077 1330.67295812518
1187.6879337595947 165.74840241515676 750.3930667522286
44.592181694543015 852.3947253360683 1022.4066274005756
668.5813449906705 1268.8884399261742 533.6986879875658
11.864889440719136 1219.1763335595133 319.886226834165
745.1117289289397 202.697207789574 1220.3224262252113
1391.6600137271907 12.664723435083143 349.053234620016
965.6533325015272 1267.7865243001418 746.7581490813494
682.0565080807763 235.24583087879728 1380.6964633747746
940.9820398884281 63.38645378346586 7.5355559988481335
584.8614987175845 648.1821362996488 364.9264103064304
756.2472437527757 6.376763497598459 184.38257045346148
21.005058776220874 873.4499739083441 824.7667397227091
1346.3762654112884 615.8936896962044 1206.4691233168376
937.649753297525 374.2589584952202 35.28220239401211
498.7001377484055 1343.7777799529647 1307.0082633008776
1048.962243372246 84.56200316737281 670.0432540513306
1202.6183354384716 130.54733186964822 1361.1985943327986
871.2647883391264 1086.4896352699257 1383.828120631521
527.3668132847852 1331.2400988613367 496.75386256124494
345.93618560832317 790.2781267233346 331.5735814609942
1094.4114967955154 159.5528904232843 837.6883523206662
526.770651509409 562.2448772130856 986.0996119799678
870.8645859273653 1093.6429437043676 1236.9203144999308
27.76653861570805 1000.7053880307838 1139.7512414728717
1367.6897021579566 90.31066582538602 1277.131439104822
1189.5984742372157 483.48650950961905 807.0573727094818
425.78027062927384 690.5802250953886 1033.0633686578296
1068.776104601358 1078.3918119552907 897.6046879448121
482.26045606391096 770.0981417269776 734.9771585647065
1153.3010677331258 386.89075951385706 504.4898623261179
727.5868248027015 1329.8313898427384 1408.9794910296587
30.625981538902135 1395.3658726898125 295.96477537440205
1214.024592077846 1003.1992475128977 1128.4312411881483
382.966220409105 963.9495874144585 403.42801932106386
550.3028986408391 1319.9072395663486 1416.0184923538586
1308.8438722273531 872.7910896396983 1178.45816621069
834.2765684376316 610.9891935674581 1238.2706324275582
174.49949155468065 319.6768670361805 1299.724265946675
1134.786584934638 1453.1468749292935 960.5292714229466
253.25817869868266 1023.2435967779817 1244.4568878329849
1044.2468196452319 274.71372692236855 159.70007482238682
420.44449731195976 526.3214237760885 827.6462836402237
767.0646893394382 1114.9631629353114 389.8988117471764
676.584686724004 479.07280009747893 17.2361315578029
1324.9842804144785 92.01598944479812 69.81342706436158
156.52285399127993 573.5206206335891 1275.5892729232569
787.4799601963518 554.6508392764566 1126.4088238959864
621.4322197692649 266.5785400540522 1187.8287404355963
1053.207208289132 1289.24596662824 1215.8267775731895
1315.4553512651567 380.9834090044714 817.9174495281723
1214.3543936984343 384.3816115378093 639.0061578472947
342.7049270664994 872.5653262535593 165.8537074701063
1147.6478230902594 92.23762831764878 1059.5828944294633
160.46385760969662 48.06948546431791 1070.9242055860059
70.17483988304035 88.58184621157389 296.2975274537991
1341.9881110887648 431.55015441432414 489.0084089723136
1037.8963080114024 1041.2524137508333 1056.0963135241545
1450.6558708986806 156.3306781977618 343.47157397061034
570.6734444713354 815.4601709804989 971.4253633636716
389.11101317519365 1137.610014161732 976.0760889423188
971.1690297328316 758.715895537325 911.5667577031238
447.7348630174194 1369.023133856543 596.4961139566576
308.8056872440667 1416.669286485316 907.418852747572
20.069852768914863 631.3638164247413 118.38582182445673
1172.0082494153878 837.3489489277314 351.9136223709858
1287.858142590561 1120.1736927290578 1259.257848584106
353.05959589037116 405.77892232952166 1081.1230609144147
308.87467678929244 932.7241501359339 1095.5020497397177
279.09736933558895 1017.6871850618154 635.1247381201979
246.65940787591163 261.2866267476926 626.9657452624807
983.306712352317 802.19668287217 182.74912141332206
539.0926319549818 278.5978329040942 601.6756170205954
275.90375317414845 265.21154414103086 766.1020812873663
998.886245323837 852.1585091582258 769.8539633515974
388.58798954134966 882.0078900348275 653.2545372404394
917.8342221524028 282.5233996038209 1237.428485909965
374.1879635803758 1077.76417154841 1122.4863314953047
61.178103394025676 1280.063739174531 1054.0553641623721
102.37654967810992 999.9754619156171 849.556142196853
878.8804363284245 773.2907669668825 614.6915029439554
438.8101859233282 286.66536519546844 1441.2307077944915
1468.1837894326106 46.03408302756147 174.7793468987487
96.47094315970824 547.4365428267132 859.0960686394498
773.534037889596 1311.7586424743051 415.00110175980643
75.99895422487133 597.4808246322558 464.93298661166665
90.35509105711448 1279.2302310206728 619.0386588835742
688.7315493554211 1468.8035372561387 701.7173618880051
1299.980101085174 1332.1350480571532 1375.5723653812777
894.1958702834007 252.94001402804943 892.6760150325132
194.96593617474048 502.52812514671865 550.130568930212
8.981583896700117 186.39609192114034 11.57586095365909
74.40509242651109 514.5000663078664 1433.4569550425358
18.978254485475716 1002.0360840252033 702.9675071441889
1308.2260127042305 227.92935658607593 1098.725988030847
820.574912204687 622.1918084604677 628.6654113563596
645.8483727111867 836.2278694048122 446.7483326533261
1323.420519235317 1176.667547642037 1092.2166050984365
30.39952702017574 303.3307557131896 442.4348109760195
468.2855507273547 941.0598671515583 82.39465415503238
1441.1141371909368 1345.4818124021972 170.8794686512153
1104.7095451062096 494.65013539347876 599.6412992025391
1057.6651236934924 252.3732344194751 412.81372209240646
1299.110572133903 803.0367776663838 722.7505405434648
1341.497735108733 1270.037508701291 678.1642525943525
881.4688221306875 992.5379715420081 789.7780553241201
617.718233550417 514.1910087197076 1092.1058260667166
446.4970082726451 325.5481671858815 844.4747173097833
361.6197565568308 99.42508138735437 434.67534429057775
239.06009925610206 1158.2176912441776 350.0631170714067
917.074346274848 1246.691913704848 371.08967276009713
1425.257437686228 386.34505179508517 1490.6883802576685
1197.161550275394 1104.939102474478 995.9132982799325
311.893336024619 489.38152421693917 473.1598935184938
720.9456579355259 754.0889165497034 278.39173048253764
634.9335588972666 413.1760545010579 632.3880439133566
905.0233741824576 1416.5707021272449 294.79395011573394
295.534933647678 88.8973014674828 654.6238048261438
1490.0642031092364 208.5736749787394 904.3687791081132
17.786594254899697 666.572471540613 355.1202642901239
764.034167762498 226.57295737871524 919.1865885507337
246.32443399160024 1179.978941859036 1262.8729692233037
621.7418791012974 1273.618435522542 1243.167019622321
113.52719580440004 778.5230297935858 59.40610753348302
926.5746901010382 649.80770593228 870.5072963820054
606.5893267928483 84.48844375027598 191.6283027690292
1378.0791353807376 1361.412561665976 1016.7562978569443
625.9577112990697 773.7726005939012 1073.2259057556898
558.9216318768911 853.8347588416065 615.8193337695067
858.7537943223805 353.0288889543865 788.7703684248464
24.320786990793565 1476.8360057041612 753.9514507104365
584.0425019570669 545.5827999024 1373.62050287417
246.4024778443168 964.589345159854 324.1110218932042
384.2639147387318 554.9100818972707 569.3364496172012
773.014244114618 1376.779839040298 1308.9680346916102
491.5714526260368 22.48715756440356 1143.3788161569498
159.65322571910795 1387.4991929709188 976.9215437435663
418.0243007185221 762.0058635683669 1219.7867293290844
631.2258141571451 927.3137833966306 1099.5944218157615
196.69912580120567 1168.5161366050693 520.6908480412756
1393.0285468281038 320.0105066082453 965.0254039667354
510.30853307938366 252.7321957553517 1315.6758545864636
1144.7573653643547 140.376446071249 1197.1984485181777
968.8223762817947 606.2576341313991 626.992788013786
1330.3357843462156 1144.3550235091209 340.50507926886706
76.30556298648892 1234.6056694859562 1463.5611671044574
1237.7794239934553 1169.3559298236296 582.2864894223095
1370.0066712013704 728.6601102212533 393.0447107066424
564.3184491174983 121.55674364286796 1408.6648704295808
1468.5010695472515 1269.9161974844094 1148.9310448315637
720.8432164531548 200.9252444951096 217.28598244105652
383.22177367373087 986.9543959313543 868.0265072617814
1123.0146238631348 419.94627914343266 247.4621295713875
159.88697012798383 1318.9590401071368 803.3863138222565
776.6546139931254 984.3488537264338 490.0473219620397
679.4121208718256 124.74290278961413 45.67436446531692
906.0504320033209 846.6287873539294 1183.0975144261442
17.846726069882024 107.62965259057304 818.936720421479
411.4547046681478 596.732167357869 410.95548535037506
423.2975474465588 8.690368047628485 128.81007875110006
1445.1590607643127 256.8274703832149 769.9698805463348
1073.249105967071 835.3273677434483 6.0815817218141275
291.0759521229389 67.32343391533344 970.859748611122
567.5774870754253 1272.6866299060998 178.98777659414054
1361.7076030587402 897.5201642874346 606.3053456899867
1350.7423452576204 39.05611123747743 1045.6150952265284
284.76190281281384 583.8470037926353 1115.1802885049212
115.10702108375662 1243.336694869597 374.4279279161408
1388.157333316191 634.0916162777054 237.6345071800176
1140.8140269601713 288.9304990509745 301.20673857335464
117.82888557597487 203.40149133108574 421.57104222904064
822.6733109642216 400.24038391065153 444.61087734555787
282.84173548462127 487.72931604427566 324.3861553788252
795.667518508384 866.8386064491812 1051.8138523855803
1220.299026412934 1478.663725692398 143.35358530515447
1212.7260446683774 550.6675597721061 1051.6415253976563
987.5209146163855 1371.4744349836415 173.2144232050422
172.532785821774 1137.618904429186 234.9542325116293
1411.52658045616 309.3285158966336 483.843461181889
505.9476688872055 1203.095986459556 759.1951271575577
1021.9180018201392 410.560099922944 1197.180030575278
235.8205926328371 1006.5195927022805 159.14722226506595
200.1081808562652 818.2417599242204 228.46792117839604
1324.159891007969 1183.0385230838508 944.9414751900412
25.066645365088224 820.3528212999555 336.41273660218434
21.396605122331025 149.5001952740981 1317.8882474022575
861.7470214267424 296.53887802752575 179.23942984694852
639.772135653918 162.93043240975578 716.8547314292961
687.5161122840643 1280.7140124088137 775.5932927708345
26.888766975651468 443.71443924307084 1263.9905664592648
818.875092023236 451.3159424936264 121.63693287889873
1315.9175828145235 692.8493679051254 571.132331294683
874.5521150873665 492.3160737100367 883.0799106354684
1164.864290828156 715.2047864021621 450.32790327278013
133.14225547570075 307.435454355428 791.4954432300049
1135.906324424303 1347.4594450168888 849.2823053618011
669.4538311143153 744.2850924512026 59.83237016986729
153.05368592825747 185.04173117273868 1200.575454292368
685.159735119452 1462.053362696299 507.14018551348266
177.67007153719683 151.97934306778788 893.9502216655931
75.91612643996802 941.4884240087322 322.68308319399324
559.4111166125243 1304.846580773152 666.8975322517642
919.2869779600105 103.7084584297519 832.9158081092057
37.96719599755958 83.00123904949108 992.6077052953958
1000.0124219395335 616.8960021389411 418.2051753999702
1461.9984736203714 1286.7705148227553 617.3254212541062
1479.8153061625835 104.2593446542308 654.1460428447982
1217.7186315944073 512.5924007541832 401.1382872882891
603.6734877975581 13.8317772101971 64.77261595227769
322.08555660928255 1182.4617746199344 198.1425916211892
440.94467183935035 517.4233024194093 1144.0653093958283
778.615406474763 734.6155876137946 953.7147291330666
970.3089276613027 338.6100280160892 304.19134077127785
309.8142589424152 1473.9267062563697 1166.3993036563422
389.74984139789166 296.5481605604313 510.19224678010374
1140.6302395912955 812.092124905915 1111.1403962421498
103.36553124054234 1021.568585418749 1310.3164065965218
274.2361116082654 680.2488602430685 489.20391262443906
1199.562542391395 642.8536341767609 153.66118729999292
991.0595495649452 944.2973009840613 909.443794608764
1164.207596456035 952.6030113294694 858.3344520928631
635.0974950794664 5.059681201096008 329.2017121653991
1088.861504944428 1450.632243049023 544.9054075723928
203.71713078723292 133.7249324650708 755.0301817137866
930.2777348183697 955.3401427913182 17.224805030815034
1153.1882041722959 125.38001041760349 149.3461864503683
807.4904498273027 217.19937845464113 747.6193530706556
209.93518004285602 1208.9841952393065 986.8002512788524
490.9917978535145 1382.3029701640144 325.05002710394297
787.9911501451824 1192.1789719256274 681.3729637411635
287.3999140531288 1277.6086724924296 907.9778859910372
521.1479196458702 436.72514900366906 1475.7532759923622
438.2760235989246 1363.7867840290228 1183.4394384922289
1337.2587221761223 270.8752405493645 55.50306337145719
567.9160644922857 308.9579251840372 753.4706093129987
250.56990759327797 1150.9032833210144 59.12721330305724
1238.3955829806707 44.565869221565244 322.7722930628805
206.49367808567482 1332.109576679238 604.6581330541113
433.64851476601933 1289.097130424796 917.8114453690239
1207.7976867292982 453.68361503555906 941.3941358075674
1371.9092925914144 944.5567217974395 1431.938703503956
102.2323493790212 1378.2502829171642 1414.3974188185794
1164.7422484642998 1056.358104291223 710.6536511352505
21.568012622758438 397.7470042682698 258.47847843961245
395.94061149008184 391.4541299294508 383.41893702127544
1450.2626210711417 556.6426184742936 605.9712855041719
1266.627624795864 950.1443754713508 742.487785192317
1170.2989727015715 210.63189760058 619.9188590503176
1478.1757105379806 524.774754662532 1140.0912397015877
753.3458760218459 59.631817623899934 952.6964052735207
624.1205703203307 1110.3767132536368 256.26209338053167
404.0388251845431 51.1420235299237 1040.713153803698
349.10972490336223 736.2271464506229 159.8208466135695
1228.8141802700297 1298.9223362656153 1018.5573799780691
471.996362306754 870.7136176265211 465.02408605927866
1208.9947599855013 1226.287570908572 722.7053519546934
1369.539309781249 1190.7167065721355 1369.3928687135556
60.81455322932278 721.7373430899833 208.40488149054565
564.0999105503076 988.2007332296927 868.2102405826151
446.97104104864354 1217.7992772785142 1209.285041244776
695.3392435668851 1332.317293171422 57.524516185206245
1254.0240249478857 981.3871590839017 374.9908286104569
1047.8240478971782 826.1446150469299 511.8951813848431
404.393908240256 1239.7869294683412 113.74968987088485
824.0984602404909 98.6238381332414 474.4939470151277
274.09759680930654 654.006210138415 607.8405230207446
397.28927117423865 969.0071852555841 223.89552024333878
574.1778370818132 1432.4518063520525 607.4478721193121
1386.689088168842 470.30000741651145 992.1371498246671
150.4367632434016 611.2064637072643 251.78459932181255
7.654819417997491 658.3862824392825 747.7869847946731
720.5693555398445 508.38250872730015 355.44709878358935
447.591697713952 886.9194644198415 1452.3758237644029
183.52669927752362 426.78686314400625 1354.7886077613018
165.32002710574025 464.42237087961223 214.6870227489206
108.68948050957457 753.625803800977 479.92001078506644
549.9005328882365 431.4525516080226 147.82764183992361
768.9510232482188 1030.8847197918358 221.5149769507913
1105.1306515938404 598.0250790308245 1353.6893955317933
813.8959454573078 753.5118451575362 1303.809847872239
167.87119021051075 1465.1497467379932 685.0461655276267
1246.7019103355753 760.4806623227119 37.11434369532786
965.3458591308503 685.9167044868723 1271.5822853666693
57.49210237843184 225.79212651467498 1082.78324222565
710.116589045789 1390.2842424810551 864.6381253531462
989.4826483668685 225.35327618932635 738.8442328908469
687.9774707338386 1011.9472399663132 1011.9212672163334
747.5504819762688 1336.2323599508902 1168.581297326872
746.1596013034242 125.78289430115261 608.336357982557
1383.0562935140802 892.5697617641426 350.9399261593832
938.1991174477668 236.47808757033437 28.071047949927756
220.90294729487414 358.6761188652389 453.2609765882518
819.1809987239907 1158.4795675554901 272.0416396913028
980.9191125175906 1236.5646153467974 89.18616660706411
875.5068983114567 134.72122024230504 1252.971526301614
1032.8023731772973 384.7005050387179 849.459980995713
502.2167587859032 159.0602153364133 474.04121037289457
1311.6809890647326 1025.7114321125562 983.0453325424544
108.97216144339691 1118.2077663689386 85.94036489191944
1187.501611602484 13.887413093581674 1293.9660295275373
439.0121661183438 1021.6394477947719 1399.381903831992
254.02116354788566 1029.1532077330928 784.043500805656
919.2350545831292 814.6380888913253 28.013409277894418
450.48736171018516 306.158973310676 999.2917132622798
360.16395206339774 706.9327871767315 874.1648321874571
728.9273344129125 85.16600565420462 1352.453177906083
543.2082818844825 1156.6715291989965 1315.8958793457557
1021.8430689358288 210.45209402428478 1115.5618455302877
1385.6153256767143 755.7370992877115 1101.1996143527094
1040.8775771626988 498.9896300521228 1027.9736539690698
357.7706441778436 1104.5566265123302 1314.079163264543
1336.5540738005775 1328.9522080418017 515.0044859303912
1313.3996798054957 125.99780622685158 213.7758369342567
61.17014986270115 1235.9806331973368 903.1039660134016
22.738060101358393 607.7130773715545 1310.6639181792343
345.62043270412 442.3043889574479 1407.2489028635398
576.4638272952325 1364.1645725057701 955.6434504618
665.1644144314455 770.0029311237281 826.641126707057
1291.8483604490334 202.4360123242062 1242.9944270528524
1115.477977321499 1166.8752748692953 1073.0807279737624
140.35167312957938 496.3012441502542 383.270052357987
378.1627899068732 1239.4209831855255 673.5767131378866
120.48324198157724 340.5609804959588 1477.137270335577
800.2407895255352 754.0183933691729 1448.808115833474
1203.9214145436324 669.8338443722947 759.3761063407761
490.49485340814005 1104.9369259913456 866.7130457255982
1023.8746483819207 1436.978412525142 1280.2890936758674
1414.6032266256643 164.75399333311887 1104.7354043497571
1128.3079609234508 440.39240844430645 1350.1484658073296
136.49326568739284 324.47990676184315 583.4550907981217
348.3023892686341 1263.016107004537 540.9711426829531
975.3155164309666 1210.4194524917325 554.3406978722962
1379.4198745900003 114.63715750435233 1421.767145822769
879.9090418441143 745.0543114905279 747.7529103618631
831.5607053397114 1299.7964270000843 1060.2167570204765
526.3327184532362 972.7231973053816 346.1205817660993
1140.856167656062 883.7847334188014 1269.9849142610487
166.204393986623 807.4179850713668 1064.3742665767543
348.5650281213349 1433.466039161839 1348.099917195496
1203.0306162910292 382.21001795780234 1229.7807486695363
366.4007881473684 144.48660849029704 49.06855810966516
175.3238184849719 1144.418164540966 844.4321839422341
521.2188683986011 901.1853350818329 757.1201819263512
1051.8234312731647 682.6084146797481 1037.5236902378842
1300.5866539794467 392.69570624273103 1407.6420042830412
1131.7756983094598 1051.8052998242028 1261.4064358817438
548.2942681172415 303.8714232135981 425.1502411641706
732.5857096457179 303.3614755799421 654.9708059238761
1495.9947093079354 1094.5204821492027 224.81504416107222
1071.3918234941416 6.038802429178211 238.5250883028694
309.6357496769246 399.44911699939195 792.8519204185135
32.22562942612961 1177.4336458992625 502.10179499654663
1035.6881344280007 959.3281101708443 601.0495533289593
828.6136028609016 1206.554862685276 106.2380508008169
303.29858481419103 1323.3922601666131 1205.7128394961708
1439.800594795218 1143.3059783711146 1232.1823705733302
1324.8399542530112 1406.2937633451986 39.89079636424083
1081.075461923736 610.4601695028603 1168.1048438955781
330.5953068188184 420.8243509151789 933.5342204478367
290.11409811203964 230.97729386136555 363.0350331891597
7.648681473546205 1425.9443500109912 1057.8893191145096
1415.7412284670693 750.4655393952634 1286.1716978593347
825.0723583143796 918.1946962294287 1401.1935767683292
906.2023175206062 484.0146660307624 379.7651188613186
1229.9725082117939 561.212109826068 1457.0608174804954
207.55378443605278 186.2988805660814 243.18214346212858
1188.0567344882145 928.3327254355911 117.58871067703913
910.7875694675078 191.3739558405309 601.2906606692567
850.7214210258572 1291.8614781545195 594.2629131232364
731.2020944753194 1032.5430667150242 666.0014581600384
624.3172559393763 16.714357386852203 847.0709577221113
718.8336885676921 1256.0030624071399 924.4242890134647
1129.6802210779542 944.3867177897523 1003.7510374577942
505.59926900525375 426.7885996966569 973.4038396055811
505.73087683948376 1222.955177678368 1071.5892960237666
943.7809767951846 1188.26766860163 1109.8562728091326
976.6645350202309 1286.258299069732 1335.9588001681182
245.47831381648732 727.2816727707918 1314.3920441786556
766.6103551335272 105.66471048810045 796.8045674475625
869.662844169294 918.0685426941591 183.84588865393815
1283.048927948481 1223.3055919629041 10.236631232796737
326.74591703051215 1147.648255563591 1441.3218024353605
208.05614643668727 691.1170113242903 121.40186921862504
1033.513832480314 974.156088688858 1396.709581159856
443.8854890823221 1084.5453016002944 73.29225699586809
785.7097648898443 336.5921472132569 2.85347637086289
1380.7217042070565 623.2936124082102 1043.141435001604
1026.1509041185743 935.792595002419 147.49374818916206
1296.4064817853018 272.9717236765484 719.7206914132429
1436.290037308167 582.990258972992 464.2309051099741
954.824285193858 569.5390210896546 102.58847085150477
1474.621640356379 978.0252588075369 959.6208754782183
797.8229459280807 243.64924958575773 489.25843012039206
1028.741217924762 1490.5484429058827 840.0179575149697
372.1798440448107 1424.3821357047739 437.43573916850056
1355.6015569112894 1117.96490263094 110.32050379817868
16.936573006235253 1078.829159115026 1409.6256579235953
361.801072398639 223.3631220690664 1064.9726513894582
679.2546878634638 198.0098035412846 1046.1790028938306
1490.7654104903775 920.393956341073 466.3850345008649
445.4530767870102 1470.8649665553914 1449.784938017002
583.4189761348495 972.2533048442439 198.3413599922787
1057.451407215505 752.2428251792952 643.5129987550321
430.69058932517356 1370.3089872380833 193.54520680304108
986.0467740396324 1344.655333166641 876.3804230651942
1263.6924641811459 987.0085724631248 1297.1860022688425
1443.7373768884056 791.1567376030933 673.6734029941521
662.0894643913966 1241.6894616150735 1061.868189605486
206.7814841401652 92.45789929410194 381.9142823531357
786.075204675513 8.94277699426935 15.977324370106826
1201.6779900315682 783.0342199896638 596.2732042644673
645.872123383551 876.7620164123506 1450.1162244822451
60.754806520492465 1180.5896952380124 752.8593474395902
150.3800778803633 897.5337818007284 457.71235675113195
1470.075598085379 1353.4175206254617 463.5467483895842
1376.3442410062546 1169.8729011953667 515.5994969282441
291.90629877690833 1381.7372857642338 1047.646663996012
711.984144075906 1057.7841994362868 1295.9606224680945
1433.118934300824 190.41419434337288 183.0537385625877
566.8203182419868 1017.8821322810073 1432.9721733820709
85.616930086848 1217.0823374848155 1314.570553198781
816.2234334752638 1136.107335963465 990.3637196613302
184.71520169476304 773.6618313209736 344.00856240511877
226.46406169974307 439.70585448072586 49.09712233052667
1445.4837641505717 351.2065948598526 1108.8432035236451
284.13655015645134 273.4942451604433 87.95480046634586
1025.4396855516084 519.5488900647675 876.7074614350178
846.7514936265264 279.99272226113675 1367.6873355868295
1076.5085415493056 1018.9499565303038 24.250746494837173
121.71584940279796 1352.9354278858607 460.03681895574175
1403.87225506239 1193.1963894719725 790.7465453332717
455.10985415045116 413.212116556122 678.4688345226233
227.31399360470917 867.4566669135017 76.10540458560165
811.1471745395683 466.9665124049206 590.4894220512965
116.46687781748679 1003.3835580265825 204.09250454495802
783.5738890488618 1457.8915425471253 378.79988216849046
680.5453798723462 632.8603727474574 1400.8720811921762
929.2321272706483 501.16922264261143 720.3976653422661
1175.143365944528 1228.93353254426 1338.3729610229063
504.79152210877174 669.2861414831507 869.2574286091049
32.39608713948154 442.49490242289374 537.6560478870464
715.1101101243748 425.90058632310763 1406.2569654586086
11.12078424462642 310.36115793276707 111.16225309719384
898.0675888268519 146.18362878218767 1000.301643669681
1284.9164160849464 584.8397333357048 892.9163165309724
815.512185485479 591.2114858629044 1382.1608070389495
447.5358717793441 572.7494526639235 1445.3993203096807
1188.6791575022348 89.67446295739067 927.09019255701
500.111915148176 1102.8523766013484 196.38038362211006
834.6799302435292 154.80011194439754 1105.4514644935539
505.9902082258248 544.9012817116223 648.5780668124298
1446.2740299104753 1268.4730467395123 951.6249969702295
656.9991368724974 1124.3223306643479 964.7959413624052
930.3919580965628 1051.126502759531 511.3918651440468
1014.7844224001425 368.2533554720895 662.1543608732807
169.16088311085838 628.8971663033159 745.2224275736904
1192.1512832552173 319.5843644773624 891.4367670416002
409.8827473104672 534.7326806451019 1296.5526441563736
972.5139677035229 1362.7885000172623 596.8750429801103
1175.76113708027 268.860543885605 1346.0125758132642
801.0400451278834 298.9083175927915 1079.3804079348724
170.91313209810883 1266.3460214688143 1149.4368110415444
1224.795847214602 1374.4033674292818 581.528102824186
449.40934446065137 525.6214573039308 282.68911242486456
1231.9535507823884 690.9860551668182 1115.1398091104184
1095.8756430085325 726.4017937338657 285.33439593943604
1303.0482952011243 736.1170802978794 895.127656793493
273.11247584240255 106.04803023047046 1459.7025495556377
954.3246824488235 579.8665642821599 1144.539836454456
636.6426571259776 1179.8828453375054 1412.801223484161
1133.410714625845 604.4926650121597 508.8408204359406
1470.0245507338507 1131.455171966852 1045.7474669892617
850.6434898622952 625.2744553636156 336.09609944677163
840.9254202804285 839.838909786899 880.6961685925883
1489.7137840450418 535.4689161586318 748.9793577089553
1228.8405193895035 1062.4225672868372 66.81034387005417
1074.9095109082778 133.44318797684804 516.6672939736541
676.3887739031427 488.4363172178931 902.5878117362823
498.95751074001527 353.23026641703774 1148.9950617363988
1437.5731172713427 1311.027150492939 1311.2708000923037
761.9863894682085 889.1955344447518 49.91431205331856
1340.2623458282233 1077.625729944318 669.7856765057355
143.5061144355214 199.33959709256857 1362.188005610256
585.2975576898116 178.54485745480062 328.2422976151394
16.33519332536484 698.3605710432394 1448.414870265399
1165.0264149249736 142.90430472259536 344.007667792304
1284.6807998262163 1291.3411512704474 862.4212596585473
1443.7142288072723 1198.7952317584184 65.48677644739692
1478.9076944569442 252.22173354350969 1231.3181226858567
1496.981674889177 1327.8523496263638 739.9223139378676
551.134610556988 662.7985499164658 710.1275290285625
262.71034206940334 1318.0525710589109 441.0956807796809
1152.6384741138309 788.9704965522964 798.6094183527274
1216.5001509598953 1420.5601025876747 291.71249318840125
1200.2187310111221 926.7699225815471 1441.0583216982038
377.1293114783035 426.7712799479124 62.30186173886513
950.3189767595304 1142.8003965592422 853.1884995512017
256.47424963990403 556.3964346864213 1388.1398760818784
637.1426581972281 349.03809585067165 1019.960412218252
1490.101563424286 1100.559226368135 875.2598389446484
933.3805458466522 1125.5106054105047 672.8335462121315
1455.170839302556 771.7924027771936 491.0772699442848
124.05278691534006 43.729425690886686 50.95957528157674
991.0083256446687 182.2129095397705 1374.8929750544382
976.852321026394 782.0860629875114 374.55626772600647
721.6038123333985 696.5332826352826 545.4850468749237
886.2369338037901 1238.1814025087824 1245.6949045215922
1105.8145178235252 622.4815615635067 906.1856696613058
452.79375684931296 579.9619942304435 125.18963146328711
570.841678208578 249.26496845101207 924.9684400763712
598.7980143802894 302.8053400065306 4.717360936776637
148.94430144949868 1499.5857531086524 862.0924980266224
551.9495956388521 471.740755636667 377.2092660083494
330.5214084189163 1173.7854056478252 825.6847623969359
424.17979605167596 724.7344184128514 574.794177750422
1374.1770506128992 332.49971093129375 191.03280642291858
1138.6787024351045 592.7757408065911 316.46555334604216
521.1282463883654 1354.1915840389877 53.71032652334158
619.1827911732871 1184.1270560742214 421.53387240116973
363.2242423134276 186.41099482887927 196.72794727603238
1411.6970468508023 1252.6963679983646 377.79842325845635
1086.2369881097177 1468.8473404641238 62.32362616906892
1188.0746628738768 1197.8396748697542 1166.0746119697624
648.0613593565455 239.58506673811587 540.7576490534358
476.881415262024 831.9068185713651 891.7429841289054
1493.2964543703556 221.8319839710428 586.9701175543271
1225.5401389427977 975.2328290257528 572.0684292183469
294.6968308724629 819.8307891038751 447.52604754694687
1123.4028710663822 911.143219555551 464.607328300701
33.93591833383325 873.6181751296017 615.9899419676337
867.934011078892 426.23611412297106 1212.3657402181886
877.6563525708499 22.87418156572797 1337.8098832942628
487.4523030604533 326.6032341469128 269.5462850615402
405.5403492107534 283.08869372047565 694.6907418549044
1259.8240532746884 517.9206630995448 1306.701892691415
1027.0660272734872 780.2779385738432 1187.0032360473815
746.7008572557892 238.0888168750014 65.88318257085889
1220.05947404623 1181.8885654451228 185.2495489679182
305.08870252064975 526.4865025982612 694.665240972356
723.0091658196525 502.8712434323627 1271.0891901751168
1082.9047625410212 1176.548477240967 449.0709993238131
800.8359658244735 1327.7376716967717 227.0212129433462
800.4360721450165 1035.3718643357317 63.96393539905065
1302.5301927048697 772.6064526414941 148.68250345887498
487.66166551833874 920.5222864950458 1137.3822772127703
571.6590423978752 1357.513846459981 1116.4790250883866
515.9067904734565 663.3624041500304 1295.9606302318516
71.77592376007115 453.8651028956835 700.9435413914011
466.2841283057967 689.640324025289 263.34380843794804
1116.5557450647352 1225.7521429435365 895.8556041409872
854.1630075476039 498.75560663239537 11.152395072949396
222.94745322851554 760.3105197656045 857.520351896315
1025.2749342754078 158.16175990080868 284.0441072053513
1335.7632531903882 1069.1857599683888 1447.6127680673073
322.10502110985317 603.7811576253235 39.55193283310675
1123.919807306207 529.215637042981 134.09463781407413
1334.4357428494388 140.66465941035003 980.0411356240959
1313.729905140034 1033.4260061428722 223.58389911567792
271.50373062633054 847.1956190600247 1229.4014746502319
950.3167865017679 338.2083059215498 484.82340392504585
1401.154726095368 1448.2149081797463 1172.2150939572557
1173.5510343190924 277.82007408566824 1153.4315506430676
875.323343467483 1452.339544778979 949.3419223491239
1283.476533412963 533.9959597455018 562.9935373864685
194.0106051427235 444.08658235862947 718.2254494448956
211.60596796430013 1443.599185979695 355.1009939671989
1107.3290714538487 376.6851314556471 1046.4997096465765
1114.186922703049 1272.8838618826185 606.6066981031563
236.2785679216989 1449.5378001863778 1418.425555656256
951.0512345614121 1494.5055774029079 492.1733754892124
1172.5781465624389 625.5132232529329 654.1264856275141
29.2093210772439 1394.2355453401058 907.6012971146862
589.381464902221 253.9653952238932 158.4325695286201
412.37225205711854 133.94871629966272 1373.0575757231416
263.56145901994563 1014.4482122172298 471.1694512347506
811.5598157450702 631.0918601518941 801.3903593720402
243.6288007583387 1181.5644427309414 684.7206008433969
965.0407388766963 1189.765026696372 983.6251038549242
1340.3820550605321 1351.089748337534 339.2448359188784
110.53074844203786 1091.2372353779433 1002.2572157745793
615.5005243577617 481.9954527670437 746.2511943835904
52.25568462194802 1461.5522804483746 580.2630530328145
1225.349481797707 257.4085712246569 471.0314374319421
1212.6952950605748 258.4108400568433 121.3475447029112
1498.4784596881232 865.6327685041434 1204.365209432271
167.96783640842196 195.98614765285012 47.0566032019345
1137.1933978495977 1390.5903495989378 1374.5094608055533
777.1654212892821 386.63621578257766 937.5897930389034
615.0203244805463 1440.5536889309712 1191.6497042394728
650.880652949185 1092.1249869480719 518.9033456160873
11.755185517338088 883.9153634910061 1393.989183308654
539.0251439582368 1075.4102916901431 1044.0931430688236
570.4319675686987 1445.6780644699054 183.4230521420311
284.4737818659507 287.2934056056169 1440.8022747150762
9.494823919029002 64.52463668667133 1167.5773576577785
364.0565753430516 1075.102251822678 261.55637212536425
579.1218322862494 487.6257692411941 1218.9874721681401
1252.514547731582 378.09964329322133 353.46584208493977
334.378755785295 30.417296974168266 280.2569313382473
153.35791075354499 1410.5804864502365 1139.250535010474
1437.0783096125303 771.7794484297611 814.0458375032282
242.297192852114 1100.7926866734597 1094.401098673299
149.70223294184208 960.9450288690608 1146.7000152532291
1284.6273262313914 1469.4333756999495 904.8304653263904
47.42396854263546 681.0139930310514 1041.9007508430282
1393.9442321769918 413.6945066307136 671.0331216543561
677.2301327101708 884.6690919323374 917.4991209018765
840.2255108779576 578.8036920783059 484.0678217884071
299.3540740085148 865.9855017771911 564.2909436002222
1192.5660474624763 1093.2428687090865 1409.516080467128
1442.3986203567615 19.691588657208428 905.42175873306
404.13957569103314 430.87453474430635 208.7258842138367
750.9278815468513 1000.5538145127131 1137.1667098583969
869.8596811696169 971.022319054863 348.58078182111774
591.4855583112849 112.22713081137516 1258.5143029594076
574.5805768520326 94.81215241227844 601.8820199184881
1260.1597580506696 757.919954009737 1245.5105831628823
474.4816925921085 34.93280260512134 310.01534194240827
320.3113026647915 1005.878097881736 50.91375355360153
950.9820737273731 168.40957787530073 446.06514056759744
777.3895418278906 871.7591679312538 361.96497990578285
921.7554943563107 1116.6066024981453 401.7015484135045
343.3558561772661 1147.2908944467003 392.22581057070863
64.77540427287316 405.5472655065393 1029.6976290018688
1042.953139710206 1379.032310275814 350.03243108819277
444.11803127227626 1255.9304667330882 431.20714556485973
1276.7398010555141 52.05041083190867 1158.7713521564956
6.596000836760618 553.0915096918428 284.0592794995033
833.947931305698 127.76811168671132 143.22623721753666
203.01603570264678 1279.3286729452059 100.54020748500892
281.64674816250084 1380.5145293055148 176.5227297180989
262.7380608054626 80.25337288408764 132.99957665786454
343.01634609488764 642.245036621867 1224.5740909060482
100.86773791871406 71.90809691933089 1408.2532545778663
991.9933254410829 516.0243571522745 273.4408438628081
976.8763600807863 469.27779944490936 537.8438492132716
831.5418925656192 744.5484748047445 449.6948517658435
1458.383428025888 133.76312397356082 494.26107948679146
1338.0501950098508 148.99390815571917 616.021584466532
1393.9133458141164 495.3296063096407 1340.566169158016
1355.3609296192087 1489.8540281239236 500.855245323814
314.93227688710164 213.88616503798826 1312.830561639669
1355.2577178100546 1457.40183415502 198.1858652755334
1094.9334524010335 1384.5699019885938 711.1054417807612
762.7325912733381 13.4655485043664 1212.4755681598178
3.543503703242655 699.4441148703775 592.757809286814
1409.8084762314516 1005.4220076203503 1292.398255412606
476.7954775024601 16.913545740724206 718.9289395437926
1478.0238540216724 1037.3159541883833 553.6025049103526
854.5558383127444 1015.1480142953609 635.556978462115
174.00739000185573 1318.2004279859289 266.803353022286
1362.9244385531185 645.2935171503569 721.7636942422486
694.5436179986376 503.32065965599963 181.34539613375856
82.03351183142739 879.05532514963 156.9034172668424
254.13109464761297 579.9622515182662 851.5168102107747
18.73884061804399 340.61242903205954 1356.130295864178
253.8054190251209 1438.4376145574379 57.90698683934022
1299.27739267953 883.498610375535 226.5495734208008
1378.515403881664 471.522323333252 317.0195518746654
504.3744654359127 153.05623891078974 57.05402820042897
61.70643985398703 474.6581296987755 114.12816592642942
1191.9020337981192 239.9872737786107 999.2813489275643
1344.5585760126687 1015.8660805172892 492.7924558686866
742.483376156985 867.3477956329816 570.9479975735422
869.426568618665 343.78363935072446 624.0477307679035
649.0352868847132 1174.9028260178197 651.3882880996654
1053.2194177278373 1208.169395258708 273.91064022500956
412.9282599833338 33.38158508171017 561.3795903678453
545.6708667097405 610.2753994862371 515.3068545633855
525.9409889412148 733.4901761985914 1439.4582552688623
1128.0461818457825 1171.9760353577005 11.954159930063417
205.13789409753053 1362.8050659131584 1293.315875811199
458.36341520671624 1.9474781737186768 881.6465184255792
701.0087628936969 391.6580945637988 1130.7647447697707
470.8621650101071 136.32134509347952 204.00227568962097
1023.045808639807 1011.0668622470441 746.4776246991468
1051.131697558081 1026.9973891394316 407.50317913961754
820.8968236172333 417.5127798883342 279.9761181894344
583.1785273173019 723.449814147531 183.56508660067135
1434.5400168494937 769.998414782842 219.99902159805717
1052.6695729473154 944.157254204897 1150.6693060738733
1051.5547323793278 1260.386896092218 1463.031997052613
125.22141547181047 540.7878756450657 1133.9551436413096
1114.40113700329 807.611367237688 921.3201189446173
363.00182566811145 142.24064874684 812.6003644896268
745.3547627480608 1007.2585539882401 854.7105985472148
713.6063008362675 1413.5735510197605 1024.8094892245858
344.66762182917216 1240.8510644819976 1084.0132153897525
1262.9369748324389 540.6428956451145 231.4117799678611
1011.4202868403548 1459.405875525064 1016.4809962145941
91.93426819253797 1375.6830166383224 119.08663552007093
468.25254886071303 962.8416272283961 991.7776067833628
395.42730195293353 932.0696790158598 1258.8173218679335
830.2641168964894 934.6502978802869 1248.2949793463347
998.9634467197995 1388.1221958353021 1494.2609427426667
445.81861702630516 155.26421877040724 931.572872181537
851.2722224794089 1369.111392638864 72.59294774294497
703.9748164172061 353.91181480802095 155.51525500769228
1188.7798147184724 1355.520881581849 1499.0741670655339
870.6683186955203 235.23002649922236 329.63146233771505
678.3742608300565 1236.4262363163382 298.8248307351468
742.1460627875077 801.2046293366909 1184.470950881796
765.6773409164573 614.3989485881314 54.083838373563985
1387.4684328218814 1440.2369924275838 633.908292979519
37.05027339951454 253.9193587902201 269.21448448460893
601.4546686136194 975.4971016431477 531.1790507979808
1384.4406727448436 1214.19285820773 226.53108341089765
161.52416273114707 705.6981977129353 1177.376611289832
125.39053925792423 1090.4901666235871 661.9772444931863
557.9732049219223 1041.8769048460351 685.0588743349253
1029.2343615109496 1131.6500717692636 1217.2677484723843
716.9589461462606 1345.8572613646156 619.0987940742143
1248.5976225870636 388.60213243612577 179.88234381216628
342.1967404817645 1314.8352422731716 303.0857472294332
532.578596076642 183.9084490805239 1084.1523242759156
434.7490018830514 820.964769406668 1087.4398354676434
288.2904683572278 267.7742817474818 927.4792913536326
464.3848726862489 1071.3857669816111 1207.4633250648085
261.97304699202573 60.8196058048897 1309.11502952698
108.00550159893739 84.14442131526822 686.5529850624617
1447.471001614532 625.6574001598319 897.8883193980506
167.40577724822262 12.907230529932892 212.29490946103758
467.0062889734339 737.8303408569794 71.32160024249877
1400.2645229707061 309.7861323897353 350.0732641572759
541.9038947794887 496.40119331745603 831.1986184394572
359.96471529232764 1331.3610064624356 14.42884328727426
676.0134563087181 622.2634863592375 823.0032173152882
1327.752778889067 282.0761660548569 569.0198766441227
262.9504289724199 182.91840941438625 513.0927918036231
317.1379002136871 841.2248652218653 967.4014101500376
491.5077125651812 439.13293804465826 516.3989445781583
91.21682946337076 220.0011231936231 722.2193278185961
290.5238115500948 756.8581902253761 716.8113467935335
901.7743929084982 611.2281817845046 991.4686352773572
1343.1408324526612 480.7271678281661 1163.2839112035329
1323.5020357959559 151.59090348058797 424.8337549037882
924.1921065118181 617.9300722351566 1490.263122395418
740.817448360734 542.5987054469505 981.3389209159786
7.263857065289285 433.72850515133285 409.27175665540165
571.8790224037647 993.0848261473169 1244.3647597029728
90.40595201154431 154.915555172692 149.43814801011388
1316.934429406784 1282.830056754797 1200.7674235338939
716.1182402535013 644.3034632090404 217.46915562694485
151.53328371321442 583.7086759260429 71.95940167652316
381.64992609663443 643.2125387705424 730.2445760851624
1246.2515947498234 1440.0823297008917 1076.3243650033842
410.1316783102093 1059.7194545367063 718.0201367505164
1205.3991679531393 748.8931929466728 1400.8486690635955
1362.4065316186254 21.47318894058392 751.6379873781664
1228.8681736644091 1115.636312423196 830.2166764257684
1094.71443973548 511.4637283925447 736.3895520557486
271.1276073837752 954.3647637736406 1393.7382819778456
812.5694146007718 1147.6645968029752 811.9637556885357
529.2576639562304 1498.8774651689691 454.1992738736851
883.0168433012085 723.9454729849086 1103.6787818278858
666.4143841320672 1460.6516115658876 1432.9701293076444
227.30576813904656 1489.7975349711487 514.3560775897151
670.8918195762324 528.7291545733392 505.643292788381
1488.9605192336978 320.79861062092385 657.0386986776186
581.5020225505867 1188.074873483783 55.288750353880076
1175.338617050686 13.901540283281445 791.6718353745556
1243.7114017123472 206.7397736916013 1470.0828908492203
957.7593080698077 1353.1842584577262 1084.41557506691
1089.957871974303 785.9745314054421 1354.1328867535094
275.8777357859942 1032.111805533095 952.2010778323191
678.0007929613528 588.599529218284 651.8930927970614
684.21355199399 910.9625775699118 1296.3697455591143
1.605075166667575 390.1841965529683 855.1409255251657
640.9956869885674 1035.870550281735 73.7705811387451
1011.8562969150605 893.6431277580432 315.7314109117125
610.4024542551891 1446.4834109726198 1331.957769678789
1184.307333449529 1365.6568243996112 1210.6419769294241
1321.2479479941355 884.6486944574231 880.2075343589435
1428.4243061437812 788.7075687206903 960.9059805499435
665.7377200747175 1354.320258683904 255.39267455419275
1075.4843560808322 446.53829703606334 405.2014584964353
582.2808985522997 864.3883893272633 90.31597567139097
109.73887674908171 1137.0866284215488 1164.9723628154966
470.2443931552519 743.1211801762709 419.7342919736428
1174.526545053497 675.6069330561359 1267.958434883549
369.9553153677155 677.3878836784461 1393.0971528329007
174.12845399953156 409.66153627681325 888.8166047005295
760.1561988162996 1184.1741386942008 1487.0708689643398
950.9213475064512 1441.0272802968373 695.2990422434269
1332.7315356650588 932.4639023373758 72.88953843246028
1456.7107735240504 1465.4092789213328 1336.7379860166363
265.0111085698068 1346.0595981734552 760.9964042096212
1128.5870180721386 315.14034360394015 755.0148766000028
57.01291599770994 1373.5825544326626 1230.540898931128
1105.6321902498837 662.0667516209338 6.21286299873056
670.9499421082352 647.4919185509551 1235.3772396427692
653.4926450345891 1116.5831616534908 795.5196492529716
588.644804988354 599.8930640184464 60.98478622658954
915.5354521583876 893.618438259492 477.3517567302644
1324.495095688415 852.7875235648838 1325.5161320025
831.5997750741057 1357.291936065399 736.7394487592318
575.6589978803789 35.84581910435584 1002.8766322214018
843.2583069234307 1495.0686676996625 1086.6564357516015
309.37848886575125 8.348185928179394 795.5760524635808
456.0533411122984 19.93104867344814 1280.4645379052931
619.3131211564553 1347.6481036358598 392.4744074075651
1428.0047077539757 963.8283676008662 766.4778263196744
475.7831868983732 422.0656024529784 1319.666257843365
370.8702299125537 562.6900647453599 977.7670006915007
1378.299868983613 1020.871809631486 1142.6625054135445
1249.9117938329605 1390.8293867734508 734.7294713242516
907.5613339517575 1014.5761935829445 1095.599323657246
551.7941626702283 1372.785583039511 789.0657258923434
297.0315073626069 751.3903694468368 1114.5020959971189
791.360479075326 875.8728766002474 742.7523564068688
201.7975229512779 184.3400602526757 1046.8863494442119
1200.8638641912542 74.77350156589243 513.6015724515216
140.50752871619568 30.220517563817477 1260.9610802618424
1365.9397924220718 247.88071595851486 1370.8562206444049
975.6412078552855 975.2359377502863 1275.9584855023331
63.43190111810088 1251.1918198017281 180.86736552316722
970.9663237896009 704.5155526650717 514.9979409105715
317.15901322179445 796.0508592598659 1.085221936268681
1162.5339426429196 513.2742900074813 1184.5236084714911
1278.02410769311 226.5983891436171 284.49581186787634
1139.8121168203065 966.5488250753567 270.3489052376017
770.3254928716644 466.4258667214457 747.6102509046889
915.3390124302913 893.9917235599628 636.3097949246963
634.7543433932609 372.4816320952075 291.89989957288765
936.756484185422 1084.2475419794414 150.26901054603005
1341.5004484803062 122.94193602587278 799.0677471781931
764.1814869641703 1158.753629520885 1139.8559169701186
109.11227921091407 1065.421660728973 399.0188279433266
962.0143691354583 852.0038146387122 1028.2599533008179
187.24744953727722 883.6842911880703 882.5403638362683
443.44495376667 187.26786045364975 1203.061837746515
836.0169920562488 736.1013837061215 122.69034142258263
503.4575504006239 1077.3208733320241 415.97327492906726
1096.4914292235155 363.58108072549066 78.18086441750509
655.3157129011568 924.6116638392805 729.8588119595989
311.43720747127793 647.4135656273812 250.11533560376398
140.25476883353878 881.9121940934639 1268.1940767008082
1390.3928988953573 486.9341935522635 851.6805339137366
899.9003873675049 70.93452086882748 304.7786954992508
29.11653150129849 693.0898891153942 1169.0018879142976
365.134652078704 360.1881857676108 1271.9535086470917
597.0189346235198 827.497055806896 310.34370097954644
952.6238849542893 842.4861573410743 1355.3891086547221
310.03911544160286 394.7042615235682 605.882213472079
664.5571654685092 339.0664560848485 827.1706755681735
1293.552284051028 841.4260099816594 470.0380641621294
113.19705877952451 377.3013923246088 1190.4107739500391
1071.105494320806 1322.4018658693828 454.76500459874524
1387.8227256614957 909.6667622073669 1060.5700475051162
1048.8080334397541 28.43198278693559 1401.707946830808
670.5351875741708 79.31058699625773 1115.6896256342409
871.3953249940596 1257.051875265495 1435.4992067338853
1222.434685296043 36.585068883715394 649.6415217679971
59.71281620188565 37.48500594685169 433.05089992163636
1296.9934257961502 231.608693694938 883.2408358778209
625.3593414937006 154.7895530465545 869.7829729310896
1285.8330602486783 530.6724300489575 702.8810977246524
1147.8619845017636 899.0680761009828 668.9262738812611
439.9742012173136 1398.2896192715368 1034.6820241281214
669.6135383952935 992.0401873904784 360.251844659006
817.7781507609826 1447.5475129694494 564.035693218191
1466.1194840763067 1005.3569044290637 75.75640709356533
150.16013632541757 325.66174383011753 158.12027877506918
451.25581850487043 300.8471693678163 109.7428963293874
1342.5350185969435 1040.2502655121118 847.436569340713
622.3751628901138 1122.130321961161 1161.896091127398
1281.318096414301 459.23727452283657 83.90190505793707
716.079028365159 883.4498294906164 185.8336153482722
97.56868217107775 278.08398539515304 961.3030549414925
1020.7962819702185 1138.9772704562545 1365.0645232091586
666.3974883266617 129.96788139822092 448.2446671149477
1331.3703475696996 652.7369973292942 1381.8957112815306
823.127725363537 160.07224820574538 1446.9421928241131
408.0752500826813 1347.690201811561 774.3762137598404
697.5828844604886 678.959325083485 409.08957505492606
852.3730149157911 1297.5648701995863 897.6888399085467
228.72371975355634 636.3782172632895 391.39305497428484
1460.2775356499167 939.8732985432401 215.07110511666076
1399.643321032041 540.5119473449273 1476.0477400482337
1093.7889086595985 1088.7235773699845 590.2007547619262
890.9520867675244 436.5461651138751 1367.8988318042336
1053.070361863263 272.11348326352095 584.4093284513938
1396.012527963308 1383.2558788409835 818.4900789804697
160.7153747970366 952.8116135083773 1008.5411669074849
173.46465997949824 784.4824276468404 600.1736288190941
338.3899552136281 882.7371782511198 790.0885599935111
973.2384594413726 1063.0375570982083 268.16536691076055
1215.0924951523775 1418.488525734005 428.1711428308701
753.0557861907917 124.48611576037777 319.1251111364227
378.9050056411313 1284.1972670767875 1351.158674677729
835.8969259765823 1463.6547575931788 815.6766583910884
135.30605327945932 131.97011330947643 561.0446300198154
1256.8964070755871 854.1980105680733 1013.4518956985952
472.0408726965868 840.7032474727777 249.41805364720165
52.32546065080925 541.872582251854 975.0244206093853
1232.0939638049426 1247.4527576311882 448.89649883615493
1019.1970353794753 344.7348869627291 1397.13704031838
205.76381265419292 348.12772955667924 1066.670470879279
1036.6481852188303 115.4018407961095 1269.5777444548762
133.48124626114273 972.4580155550084 26.77247201206302
488.5987006553624 1224.1045104937155 293.6546215811946
171.8602978029411 669.514935082626 1439.9392198832452
1139.7275766903501 1351.053095890569 193.00012085263762
1177.850321020104 375.5554259721573 1493.2938526141818
1088.7267549547666 176.33263069865293 14.486517024513574
1346.466493535671 350.4242361452634 1249.4052926501677
323.5825736133923 1416.4910847608949 623.0852063891472
666.50901844022 771.5861791207914 1350.8722013442298
707.0384454046788 1189.0110435013353 144.8294815208666
184.95379406976798 905.4614372716256 712.5441048346131
406.3840462150636 163.20277396711208 623.0144019332138
599.1286736098638 369.9168807244396 1318.6327324720821
366.8701059482396 1114.5750213080053 545.2723458957402
1422.4257072347755 1332.3598730739825 1470.473118855243
945.1261548499324 379.4153068235979 954.4709607560867
1092.6417324896593 1318.0384660554223 1046.6967534434123
971.3924326172526 688.4124243198287 1416.556373215423
1452.1941705590602 1474.3366901050088 29.733323461098923
290.73850727971734 527.7512167267322 165.6582893415701
