1378.4364128312154 1016.0557001730846 688.7924348566149
502.50654478531146 727.9032190353332 1082.7125464892167
1395.687486602215 439.48641233136675 483.1203110185776
1467.6962100448525 1121.8536711715044 788.8717792960086
473.88996754852326 216.5481410099072 587.8827121541881
1285.6725478539827 960.9718461772538 884.1383234890626
1298.6726949541057 387.9346431849905 322.33488371516455
1216.1477985858476 701.1684834703444 316.5382447128707
1118.636375733221 323.64908938569874 1061.744077137469
0.14379386270002215 1218.4729103831007 1334.032431680138
1020.0945936230588 1289.0573851844915 87.49193103435887
1162.2181195245987 226.87303910103918 567.2459454410377
962.4603197360312 1313.4609341972498 640.9270801516025
413.92698614295256 1072.0908094142007 194.62545798607465
1240.3543756980794 1433.4800693403777 346.1016908097455
1213.6930273598864 1012.7480996395007 223.76731339401675
1228.9164597473848 351.0253392821202 1228.7751854154258
1450.8588870997246 808.6683873532908 669.9899890890606
1376.0001237991924 684.9880119441044 508.94523765438385
203.30730274785765 913.6988660110933 215.51017406422963
1370.9887970336954 418.26565045245536 1384.9589580075624
360.07812769486117 1192.1126509217668 1312.6824087674836
879.9486428626884 307.00029240443564 1049.05125036302
250.78144294718632 388.6564192953956 56.921355237610356
259.74534759756585 321.3424357403821 1349.8970132042646
1010.2697603161286 918.58217681791 994.1042185412908
1080.5183092731709 26.97890921472657 1308.7035321181072
281.33370370371813 1317.9584107233493 571.2844194711614
691.0761628358309 414.14774683243957 110.39281203565254
756.1909984427095 1476.631307419203 450.1129457024086
768.2909174710288 180.8440416476901 847.2958691829682
710.8941627957792 979.701149639755 786.1091094327752
221.17646352657204 1325.122837387523 813.7066557534132
567.9689222541618 137.8110489353781 1472.3954571505958
48.79444048158049 729.1808360539472 865.8195763323689
661.8686065423516 199.54052729572595 135.2872244978873
433.99086487859245 6.191475428050126 1410.7026663705574
52.80178870841218 1287.5590508464963 159.22963143247364
768.2071509691034 1330.981458886893 740.1095537189112
1120.66781221906 766.996652866835 461.7920237014079
567.3140518237647 356.35865738473694 326.39709671031073
672.6850860251321 1308.1264465188208 1183.150815624963
56.582212989082336 360.08069331301 1309.8956694556373
949.2306043974447 123.9446636746051 1468.7553906612027
73.32027285886399 280.4832775198141 149.82678058769272
224.36840575418083 207.36024861030353 1191.2443357172283
645.8392482468762 1267.2918460165954 150.8410067818406
273.8466648006802 716.1452995547131 250.21464355401056
86.00548385139955 574.7105278664528 1207.61265638085
1435.3448203393248 129.22173611344454 658.7245833876026
387.8808083210954 1311.435852384271 1468.0328921223606
700.8427223044972 1301.5357172220006 1424.607335513573
313.20717598014534 1369.857509215454 340.08980554717886
736.3367475306012 671.3764936530797 1078.909501162934
767.5473122590566 450.34266737701796 1419.2265852476837
208.13902795872798 389.5143902892196 565.9123782051756
864.5248160886199 300.86778517173354 1331.0505676879134
462.3543002939221 1253.697690328053 148.253231415672
391.8961738566687 963.0056966168806 757.6199389671133
1241.630230061099 564.0000535613307 829.9947962943493
261.72484264071187 1331.1006384950938 1136.7253446166624
180.98275508216386 204.05482191462778 1490.1576130998835
759.573897702617 186.77906086610523 530.3043807146781
447.01534610461886 862.3637730387434 561.364158309289
608.943124806736 1130.4601221633932 470.97446978460965
485.55331783250085 662.7245904322266 1273.1979059239027
912.4647969705029 1237.0979872189853 1181.634027245211
462.6746542147232 742.6795456630467 377.2520559212144
1381.606519061663 1318.3368289138991 794.5485415700086
1256.7907299330725 286.01915946084563 1436.7543536374112
1407.9389874203391 601.5003961921318 354.7950265102561
1391.0676054270687 1437.4320815907065 640.3662266886868
478.71264290526847 644.0728808117593 776.8201773454397
667.5013659355884 510.2836138522432 468.5938923845267
782.8324728007967 1233.5732611119565 526.9929232972211
1180.835572900578 1417.1982896361474 686.1461784548244
743.7371016255918 779.3252923317857 831.6904837777914
580.3130783077195 1050.0819128475173 108.44925032361971
105.67930677327959 1041.318749632245 980.4098444768443
186.1936268614782 386.19848716783446 759.7440373347556
1437.0097623297245 1370.9079078625127 1151.9574925660897
578.054692063316 603.8711785313122 321.0780656999901
933.1204521688726 725.1593794452892 167.0845989066518
1062.0068347136623 1023.5848109917462 44.342170386597985
1007.1891745916411 493.81088784140576 511.027173241327
1421.8600963857407 1153.6344030535568 291.3811452511386
399.4631249071987 1427.8545098663058 142.3922179963426
1362.269069539804 547.8960701850632 1180.9742096253053
1258.1719702846378 1331.2791640604896 506.5921641330423
1431.5526891977406 1497.225725324141 449.1038549168102
513.3685569998407 1061.6545385480092 790.6346979749256
206.28576081234954 495.70940325021195 1370.532626610008
575.0057140105885 41.30694634547697 446.3727794987945
371.21107514510993 409.17074891979115 270.8105338958377
929.5364924367549 597.1668675542936 1149.1134402495543
632.8569509029398 980.8595356321304 265.45943602590313
114.7476538180912 15.232084900094307 1394.9995259091
198.2796672033821 602.8686414770481 1015.8759692097825
1103.6223443852416 1016.8673779349284 908.3349506623879
756.1641137151404 516.1577101131188 943.5851887727039
391.7868365320849 476.6807409011578 1104.3686431743631
175.06825824745556 766.0132933486676 1187.7715387874575
169.9439828894092 1058.8717547328738 1367.6138902832952
644.1213652525809 619.168973132657 87.2096368214623
10.714887054595662 662.9005144155742 1049.7124354933749
103.98376011946914 1103.938169213658 221.90470892833324
665.7717695721553 755.5948177642096 1240.8810850180118
806.4308243219303 389.3893772435273 424.31725680761605
994.9066518063503 356.3201932278914 1460.0649461243913
1299.0465584415942 320.4589437018108 708.3376564747107
1472.189252013747 603.2083943907334 142.66920951408028
67.68470613110266 345.58664903015716 460.49295240547036
18.48908244898888 146.9601572249358 444.7384351004137
550.5370924756519 1173.7823786248107 1433.0260844981094
141.53296708389456 24.784212538012543 1176.2249935737627
598.5334259550968 1163.999686187362 284.77037552995415
592.9322832939075 164.1508097786986 1212.12318504058
882.7796678943716 1233.2656336306964 889.2249564543779
954.6746127352385 1180.4732067811165 369.7232435988351
791.6725018737236 1049.9588442270235 386.9754672606583
1249.6784042623701 1163.9817703888698 867.7715974028508
946.2436074968124 84.66808942970306 850.2443228931725
908.9952211305977 744.1002557804019 1459.1836198254011
55.263999651565285 314.73601699490666 900.6263993122159
684.8581226162631 878.2116513251885 983.2814596314757
649.8500964444972 1381.0781271293247 594.028466002523
566.7233115445285 841.4346520948814 708.3056789339197
617.3380845544374 1325.2913154692576 397.3393792456377
1107.835295800716 109.61065400193453 389.4599871681405
1239.7660681297114 219.65161418132828 348.8788628671593
931.7718210280138 1387.023738566941 1415.9440048415536
517.2071712323511 1402.0057822274346 286.2869234151337
778.6817302000755 1317.5021036838714 99.85487865047654
1446.9468479594477 967.7290972973225 1419.4180528178447
332.7465079861695 662.4325021474069 1126.8546759511846
965.3453706537698 954.6550818316285 431.0492363385025
36.736770174668294 253.58262975142503 1115.0055148057438
1222.428918172414 1347.6127077608064 149.41611169622004
635.7677785820681 388.82189724538864 1270.9711102335802
2.995838683254078 452.7557448367296 260.8696208507716
368.8935289655022 1132.624154336535 1111.1314030931094
795.4300362609503 390.7996275717642 826.7125795084892
1165.136933648367 1064.2305053051116 1059.0960439195835
659.2419581345126 893.8208549623467 476.37916023543954
130.92312685832832 612.295844166454 321.1398907742247
1000.29597682984 255.97001797165422 146.56040872427883
250.70627140541842 522.1233250060465 427.5110420634589
1114.1376407693244 1446.4488789471952 22.679028114855857
307.7760911036767 251.84599167007602 898.3478400666138
1447.9198768830138 1426.123066198477 1328.3653504078416
891.1704638773358 48.070233312486394 367.76013608887536
446.03660375124997 1392.1340043989833 535.2219599851596
472.1746932578293 376.5068936607506 970.4014103381563
305.735381943928 670.9305026751618 467.5259666147717
476.21501188005914 1499.3391049244156 898.8305636064453
1116.9953754506892 499.3182829948115 308.2632431353401
1264.6561910676742 1433.5112227710931 1218.042562812547
348.1475899855315 534.3945751723583 615.3662476423899
25.800389164584065 938.448108132406 270.0164985229172
825.3284938436503 1492.3707720615218 674.3898437011744
141.38523841467477 721.3153199632459 1381.375259961155
533.1961267209568 532.4858610924656 1188.1272347800882
204.92729983475928 390.03738094379696 1006.1397985357163
763.7438274878714 35.417350507656465 1483.8733199230937
746.9171273617756 899.0679708669404 101.36822498349773
806.3083414968004 407.7284265636197 612.556494928943
1027.4495485060047 1221.2284669758137 965.8180788082942
1328.9794521219176 27.72920280203663 842.4888492581601
508.5180159381639 875.1395495614414 863.4643217318554
214.50662123441978 904.4627609634222 827.0282980529282
490.7291452435675 179.83577543227017 1022.9268846487581
687.2382827304655 1183.7654647955135 875.1374199934372
115.48466082570937 1340.770480318435 1257.6723610917875
0.500221059435944 1054.085658540191 1210.2143492010957
1113.147269062476 1162.7317390363924 224.99045555257777
1467.0725583202156 270.39474296815644 304.1960520894576
345.59080354353364 783.0157802885992 1343.3477148591326
213.1373381970597 1164.5254250402518 1231.2667134841336
1441.0681072802763 413.23438163921014 1190.4305877502143
910.7597221038229 939.8087097207487 83.28196385159058
1195.1199898669586 880.1163870825774 296.17132403722707
1329.5592121108402 515.844171441084 645.6841629704248
744.8968954200643 1491.8515498256206 1121.5502847173123
529.097674094747 1485.4872807706722 1095.904632584406
1354.4130886195005 603.9630791681194 938.0518186394536
545.7629748275881 1275.293337027878 1046.094516257938
1270.5101707970691 601.6384203924581 1332.4010258621388
894.2673063808658 756.6814008523855 1294.0586065683049
440.9877674728076 1341.6493847376266 1218.3495159503184
881.5840635170969 569.681678714204 757.5596199082272
1125.6892593468806 421.85215862387224 80.14133007551331
570.2551454921131 528.7460969860698 1413.7470832194108
538.6532319798326 1004.859180054824 634.8733847407431
172.64200006732702 167.62201581626712 1013.8107694579677
782.3212373021412 1361.6051755593717 1270.80629481863
200.7837536328703 835.2205200943214 1001.1634130907441
1491.1122212032615 581.538117747225 1394.7216530279104
581.684031374096 1433.3334434357353 55.29359599195044
1488.7953413410437 91.02055059471255 986.6981845629114
1409.5597285930562 1127.1284605886678 970.4009505101224
435.5907012353722 588.6763264862067 987.6029771883994
1005.5647245962293 391.6636303571165 1228.6135810398648
610.5220149049338 342.2273979197881 512.3810855048655
1059.9189811386054 915.6239478266787 1204.743139959773
79.79570776387169 528.6206628666631 863.5643304180977
427.5805473634434 662.8678067492955 1499.249392407188
1270.0527663702242 1005.512638241801 1259.4050516213056
39.76143143240304 525.38118466332 501.1928110451384
620.6222947164144 802.7091296826287 271.7148586789848
755.8727359862921 1090.339635226698 1491.980217242103
755.4704183366048 674.5720710074617 1445.5478929331443
465.900580297137 503.1160577498689 424.88486070784916
1251.0136547461723 1410.461207489683 1399.0747357071793
1291.3924747984972 25.64376227258875 1013.7088420460631
380.8595455742385 1019.790202428925 1293.1633991156255
561.6229168879686 346.0078134718809 1135.8157429546816
1396.5463286106165 1298.0632836680586 434.4630417545352
170.8576403081495 1487.287078575307 425.09620393899064
442.44371219592483 425.4584651718266 1284.8774058119736
395.4285775664434 359.03068045036156 482.6574964645911
78.59527232047336 688.8108757615823 511.5859756109036
1141.2536450470711 408.64621389446296 858.3547899525546
749.0552110850011 890.6444686945522 1406.367852459861
1296.3718293985676 534.9514203463682 29.21587133023793
989.1225283878599 307.66032287058783 558.7923393146089
1184.6241938732212 1363.4200068902076 881.7494506223265
360.57065368828876 58.663329753826496 313.6908257489372
913.9385887391646 956.4563823089788 1359.0031634050233
595.971254560656 833.2186862266307 75.69946567263115
556.7006926552859 1051.8644889770076 970.8353976495929
1357.8674407142964 1119.306294643049 1437.0613296668118
833.0731415261076 1050.18921261703 945.1336123219324
247.42664449624655 1453.679880614323 18.811205704497826
86.83812448632413 1327.2279010495038 708.2629660777425
319.15479687017466 891.6934298103135 405.62758753420644
743.7762870760008 1127.4093526753659 1318.9013558114739
194.538345130766 441.5946609341337 1167.2732339320596
346.65132229844784 1375.6670712826342 1007.1323860782976
1412.4916572209318 212.3256858298683 844.7621143403202
2.3704196176387167 413.687359918157 683.847784325877
1056.7013279308503 834.5152326005561 1406.6970382306379
1213.2481749137617 237.89355209712292 914.417671263266
933.2250560620672 1443.9515178515885 1178.1520793114287
946.2343689873143 1043.7513572247278 849.2786878558338
1392.2722214120834 1390.221044170142 228.66369307939837
742.0738195448668 236.37620262216996 1168.3393372701157
1344.1179688844236 990.370782099983 348.9680682228715
801.5307697435845 702.5560086186965 370.1801773594308
162.88636039875368 1016.7190261467227 443.7995382898762
1061.1928221055598 332.85672140216155 352.8923759444176
572.7159208714493 676.1798146111482 906.2063170006803
62.42347857969005 152.22616128810535 1296.8859486418517
44.15878410997948 1484.6469266034676 818.4224022800089
1438.8232210268466 1212.8073947399587 611.5999898574823
1215.6717279602465 665.4262984899583 684.0792368198396
1201.329480226928 138.16603594696548 1156.4897905391374
769.3464091347928 1263.080791448136 319.33822848894926
691.967488163519 637.2833447989447 728.6795758956754
1346.1624986515453 1202.4302712848453 158.4139937619098
715.8040025315496 960.6167247490105 1218.2763509960437
77.28001278560723 905.8283204231927 45.144037108298676
882.3187367022551 907.3036584109398 864.4165520798404
1057.2550229998774 112.59690890974503 1054.1876008813822
418.80058120051405 1224.6068382617864 377.31187133296817
74.35558420294343 428.2797306483016 9.439300907817294
965.6007762022512 1089.3283589822022 1028.721043408063
1400.1037484615713 1005.438608461332 123.18510094858642
852.0757538644074 127.88643189529864 1044.643792984114
1353.3220665230135 1168.76151127785 1171.1327055507772
421.5491408860692 895.3166358859386 207.23171597697709
593.5330474717094 491.31600203600357 1072.9785654771856
205.94550099438658 826.8328262460777 554.2299725282103
1167.0091932468135 745.5012569105045 924.5184166832328
356.3146415998336 578.8226281662216 236.16976351840316
235.28143546280532 1029.8968128181286 80.98908441561674
1382.8840180581196 241.81687378844566 1263.474894101119
389.5226144665864 252.3219552865444 1479.8341239147699
823.2651211868905 284.1777326862402 58.033121985355784
370.39554958696937 1395.7968940441426 756.7933699216906
1247.8919378159883 1208.9611597770408 342.8514837384624
422.65755648018893 905.8702645815902 2.313053665919824
1238.9833485533175 62.052097459895144 531.8826093468433
1224.8309302763423 796.296489131466 1297.455317510997
1104.9906966409644 822.908129665683 122.98167792484277
1348.0467308625437 101.15359508765106 342.1276712589894
1076.0318914247466 741.2768934323838 1123.8134300797028
336.6103001585486 580.3480763971373 1295.1094314375976
917.5912720439939 1163.2928450103154 156.89228065712888
1006.5065276253456 801.7294576285601 283.65910232450136
164.30567532519575 1163.9481255735761 619.5830348862439
1.0799223581521893 457.9250071814378 1029.9526815284985
669.4753070813522 505.21871503235735 660.5440692544327
241.38274402004154 199.20382061056574 487.79560763006833
908.3272957021252 544.7663229923903 315.31631281913457
371.78369944278705 45.92576099174964 491.4123521417674
185.1792717480349 367.1393543171313 337.5965845117522
870.408647535896 225.4597078035779 710.7276041586691
1060.7521393922032 606.6880653206016 1461.0105108130347
426.6334357236752 1232.249845241814 902.294150868027
1436.4602428323492 768.4545985343709 324.405788517891
888.6574975181859 1246.444132534024 1446.0298650262791
912.9050141289454 1039.7550843587726 1184.4432779976376
893.4640378005425 1379.6409168621367 292.38385369756816
694.343385829911 182.8950067491642 347.81937353647106
1244.424818691702 67.45003631256861 173.38573888641926
206.13350518403797 1224.7248493916572 407.2704504759701
555.6923115840111 211.2590261402091 821.0362848107347
1296.382010385224 113.23743979495589 1323.4739826322002
772.3258095866298 701.302878473553 162.8124441523519
114.4123849330228 90.7177829295332 92.86314186104403
213.20734400389642 1008.6568562718257 1139.9767993472444
1203.8494872616352 873.6092235506479 1085.27366839917
317.7027763538094 63.20267973773627 1046.2568621314865
491.47314318059057 993.3923769853072 395.05875130503546
973.7025291941495 170.53299540901938 1219.2028546457957
783.2306066719378 1083.8569579443454 206.98090624511838
1124.7056984545566 51.854226792376686 873.2880154762224
539.6917886440734 1322.0487134309144 755.908799404716
1086.0612558720698 252.81807125460955 748.3366383575682
1020.4342335955083 634.9393967073239 625.5072314488073
238.87338794540906 1190.5132438286557 985.0076407155001
384.54591343028756 39.8882360539364 1201.077908531328
658.135680019017 1382.610739446945 942.09581637027
805.6266326572514 1468.495166913803 906.4440123606303
439.5498594271886 716.7756866264042 157.97692226398894
134.49942304124164 1409.469310235787 1005.9228716903849
1335.5062347192202 772.1908387626061 818.2743292948269
356.24307780232107 772.2380752766778 706.6559119662827
1044.4472724314282 869.1335456040845 603.3244813010817
1060.1514206484462 1473.063273567442 249.07700645875565
1273.9916405448128 1228.1463033695577 683.5619158321806
1116.1319247915287 1435.975771434476 1083.99432265607
1255.9765535821361 445.39191626959837 1013.9448708491916
1373.6740156313315 381.86780423981634 108.00148924356786
1063.166793366877 606.304236880234 802.1460679712026
1218.3481233318412 722.32719669124 1480.9087420526716
511.3091396297338 884.4258219389375 1284.7023570698852
529.1186985123428 129.62522046872527 222.16517260120392
249.83663561607048 918.1197272872517 1359.5637121525922
1313.3754916587536 877.4366963724995 469.50285530729116
482.62964586908095 29.965180474144066 664.9850602133188
512.7345392980259 495.1438429045635 164.3913920562814
62.64461466226195 1006.0641658887749 641.9330828021631
651.1399261056972 310.06304607928473 710.4739519381912
754.8302285842884 1003.5616550815053 596.9349114079918
514.5746421248148 446.01406927140596 623.7667087170206
194.42401490354925 1220.5676815439735 1478.996336207545
335.9504643002408 495.8355784982275 854.278528887731
649.9174084857266 121.38689825378576 999.3988533039623
13.010392020625208 1128.0001326806862 41.87194975714507
122.36695445895653 799.9841544521835 695.6204217689864
86.28141432669577 1349.8362113792778 526.7795451451117
682.2882621741743 313.76746712508157 970.8481919480431
86.18533002187438 59.63334534994648 609.7051890763299
1257.0943254114486 673.7152207738777 1123.1516701275689
902.383157472733 1385.7392418077984 498.3812114733722
907.3377191166735 740.3376693095311 719.17926422838
559.8410454595269 1307.393953587521 1332.3942166529025
67.66167934406894 881.0842998466248 1300.7411330647108
1294.595381510768 1256.1378364767868 1306.626512157763
7.490541795578353 42.605427343274265 225.42135969205287
264.20445860217137 1380.123929158591 1338.5815036256001
1079.0258144117327 1111.690247458254 1241.7690520268275
748.3245292283108 432.5738542733171 1177.5855232788233
478.26488416290454 1220.153805632445 601.6758886555466
262.9135296630973 806.6529548687446 56.604803614703904
1150.1441958441649 1073.9207211872965 401.5368602196556
1137.2082929355836 459.35514197681636 1370.5486122732443
1096.9014591775742 230.89218953058977 1325.6025373199639
1267.1752197694723 912.8310652836963 1493.6814803150974
370.8576701754761 89.25878328852183 70.02079871351923
477.35173671732167 943.0938372273671 1091.4413029404054
1168.3921716768582 154.36555401594183 23.474920391141886
1352.759997789135 832.9452716875734 157.78525304410178
1498.0930624013426 901.685935679562 492.1286476927826
1387.968817922755 1303.5923133530289 1497.7801764899823
236.11803521184274 5.661824794053018 656.7967915650935
866.7298369724662 797.1355056352586 510.3757691354486
1375.7357592479843 793.0626451416789 1002.6704678113193
1123.3214060150692 1231.1718235383246 519.7477211918986
893.4699830469463 535.3249429795478 75.78678827783567
1230.4476597838227 1128.9934022638 47.39675899001092
153.14191939995067 169.50489570850138 301.92013058866337
1448.6823214557382 714.9066555129339 1249.2909156602343
1465.2676209609763 213.03651298539182 1437.60371553704
1187.6496853651704 304.38989576297456 172.6396565360177
1275.8306493805615 520.5702745544922 223.18957815108243
1085.9943701288214 1286.9453739602313 339.3732462343589
1414.8025948369393 745.4922913974283 1451.0477632461334
699.5689373248019 1463.8894471941 237.7511955249227
1246.593332911432 133.81565414339394 710.3107359127682
146.51739666501322 802.6341884702651 358.5538681922737
53.42710107707165 259.62542149424803 652.3974411472257
921.5680564511151 543.4812554113828 1345.7509027137153
1294.9821601312933 698.5774887917547 171.11874926562922
189.32351296325595 1092.5575622440454 803.3394936988561
1235.027990317887 908.7212398176209 645.6308142468146
370.8319931236221 796.7956378845498 938.322981756939
1072.9864653830043 1322.9406619560846 1307.7336173739618
1086.8286407004673 615.6774752350697 164.96051042722488
897.7797638991252 876.2358365102988 1100.9144817635283
104.33252312865704 738.9829195311419 137.4437397868794
63.96030644368094 1215.581887533942 1096.3062939760578
1083.0954900243712 1249.3498565672899 1137.4592836386337
382.1706202942606 236.98230297707818 359.2306864077284
1077.5621590281783 679.6498536821567 1301.0493433292936
1040.11544826531 29.17149312735141 666.1157439407444
1001.2880082347664 1003.3269296779213 247.4725842166688
276.6365750353524 88.15501613076907 1360.5819841316777
959.9190125285577 422.2293215185935 190.79603722827574
1386.0494200204757 980.7676829804351 1056.235482521187
732.9806929632169 510.0026209669221 250.33138062502908
789.0011211256065 314.3943515783656 242.27791166544554
537.9489389191232 197.06876360581714 434.944306019039
915.9704337038083 222.14080793361862 355.1988540550894
197.8205415022053 1473.5453667199583 209.2683191658598
1203.764213707866 573.7447351499119 470.40972075689996
1134.452283915153 566.5600139482289 984.1258691441279
954.1697169903114 1410.6663536276956 1004.8284532127927
981.5022560168321 465.9563798382106 952.7111531964582
577.7553521290378 751.1320684450538 1417.9964147519736
1346.5308321231378 423.04659200433656 847.4369213085666
649.1149500615343 1.742667979862322 784.400880569558
350.0981536840474 1153.0543831589891 742.1144777943863
663.6587625761695 716.1240952334347 524.9274672456256
331.39627045855315 1012.0842471831647 943.1901640962556
58.08377942874956 1260.0394663763116 901.6197053823704
480.6568878834227 222.3443006468613 1301.6343778719643
1059.7042569519901 1210.1101883151337 773.0329942128742
369.48009204901473 1100.8651680235753 1483.0998309890344
1138.1323203991105 1054.4215234115998 695.2807230311755
1072.007346144446 1445.7489022260563 474.0765897433861
278.15992825972086 985.7592254143804 641.3225890162845
287.1846880246107 209.3075315457928 168.12905594050198
583.798426404468 996.762370702434 1415.5385793697578
228.13094699658686 618.2318684468152 26.64560898031261
1052.2782071546667 830.408012738604 807.8830378521629
257.0004202820568 1252.1458877952196 172.09289484810614
1383.168288996761 240.16262691543727 523.4691574737444
1449.879469474057 615.9300102070239 722.7434448915825
1398.0276674498318 1346.4527854255723 970.6621843950829
120.69792810264217 162.6964178227695 798.9839671889155
582.6484855752635 347.7010474132828 1470.849529847575
1406.1738020942662 85.20592428237902 1160.653816283048
377.15613731969614 121.55733883828265 796.8686269490856
834.7814886268975 1124.6404384039113 754.0501119324523
745.7520668000923 839.2838213128402 665.6872312967364
163.9656250898273 593.9639870650843 662.6583227394183
509.5744943087664 640.6857414845327 567.6984849739189
722.7337955171273 208.36280584090943 1392.9186082595556
481.2950097912573 289.15819086319635 129.9016142444524
833.6889505487442 1282.8900112858955 1041.5238700986858
83.53041384981191 1323.7568113813231 325.42408902940025
978.641746294091 270.8014588202829 899.3817632608511
605.7690927512049 1497.4001855294957 1303.5753354103747
979.7543829464859 443.27400920126155 728.345216730525
967.1859156445374 1102.1686631560524 596.034632191092
959.1058732545205 718.6391189908933 919.599558382204
742.840493878887 1131.4612547194959 1105.1796892451518
249.07836411123725 678.5071807084272 838.2938058446356
1379.2653202794047 860.3231959800513 1247.0228294808117
239.8214433567186 41.68475418655065 870.489783391815
379.16095648920674 468.7217305131507 0.3291864841738086
1128.7378107321044 524.6339849075459 1178.2289208927891
966.2690716961617 95.14492813078914 551.2977911520185
281.0519751240045 193.7497633211733 647.2891775515343
1366.76578128631 48.31339921317594 37.00811664467277
905.9414591549364 1451.8741348441529 101.562199404166
534.9155786323496 1120.7319923563637 1234.1549018682595
421.5243951538624 344.92090634018695 716.9921909357962
951.6073574468479 1119.8473559816773 1413.501906063894
704.8441572359854 576.9631274086504 1280.9992186301101
186.0805611907339 517.976446870246 178.0880554445032
988.4373459752502 1396.6128480846435 809.5849649151016
90.54952239112588 1366.8691768323138 26.831501384876066
656.6759272800267 128.29201435918853 627.8512634077912
1202.2907078284557 391.6684283681144 503.47752492455464
893.1146103542459 934.2271753125151 709.6401933753265
1147.4595339462373 1242.4767508388218 1477.5272792602761
1148.8882018101542 464.6351414649692 687.5643947042429
576.3577364880182 454.40439163836146 844.8615515067811
1257.8489701393105 1286.0435688271862 1049.0326218021098
1053.9498472857547 122.87119952857414 197.72447959081035
1142.460486695741 1024.1867601419665 1389.9652296078336
1347.6247290572514 260.12062952423065 1031.0651908058328
652.5617298275515 1154.6992127931262 681.3868109998405
835.9969744338032 73.24643874168524 1303.981032679562
821.7018185456054 888.9533808399217 278.41009023450636
294.1445282207058 1072.6866778517922 306.25739995897874
1012.5925660519001 648.1946775406673 395.4233334171563
1497.70619667379 926.789221199527 855.4384246003666
849.0472496307851 103.33480475699369 198.74735111573716
348.01142914511485 880.5901754918949 1140.639676844823
851.1693962927121 609.1198603660835 566.6076989247715
364.4017210192018 1093.155908525081 539.7406273033035
379.0622745599707 278.7007570675055 1133.7774466858796
27.570654032102752 869.6649803740643 1079.4644688720225
29.70885332482601 1118.400305602896 445.86391500463577
1363.3873066634496 196.604037352506 133.895539629565
1324.9341965858634 1107.0986325787408 501.4772036102345
