808.3280282686267 663.3531842719208 658.3063249897452
117.4267089004791 1470.390123589285 169.8225406574922
1224.6478753479291 631.0102666426461 1238.7152489422388
657.8307916046502 1441.4934319858253 1124.9926051842363
819.1302766502779 636.7925532100982 1146.7679938605538
165.58505688381538 1.1785337222939565 841.958567362871
836.0939317883835 361.74172996788275 485.5405337663655
1017.1179187326213 1170.3918947031848 665.3220940364121
365.27211490606015 491.59702358828343 1396.986781005908
1109.7260652389325 905.0126625352048 307.1131405061853
152.89070282068613 832.8786781037811 1365.2242963794383
198.76668495430732 1341.9169375320869 1366.6744017955516
1255.4516065849284 268.0892586288057 207.00287752115332
700.0650520581474 1088.089529508937 524.4623937318684
32.7251185441893 1266.4087727327653 96.12654498678958
987.8833230195416 1382.2292447775324 786.2424388792239
1481.9029093760523 316.19555007462856 955.7486953103192
731.4078257096203 157.53262792300222 1347.3590967133027
468.84224642065925 1295.5057110520331 1358.1765522842613
1124.373454134714 714.1875638525728 430.56282295493935
1375.3881601281498 539.9145613494643 531.3946301853966
256.2301235367997 1216.087541725034 1069.5378007727818
414.1956275290361 985.866353888696 1368.8227578459175
185.48712030492686 285.9947639833456 61.38140255703882
8.780963832471368 449.01354007192293 383.54114685124347
71.86046674616915 26.112965768907774 1264.5516037234397
588.9656489879952 131.3154159906418 1162.1686234850251
434.0154238134804 33.65447207560637 1111.402922786108
301.59128605150863 1337.3446191667579 888.212301425189
753.6874129489576 1158.1804887894439 16.5064092198102
835.7534789514743 1205.493250775658 1276.8488842542613
1471.6734115267823 209.52690332877248 452.1239590795069
501.89582692323546 351.65791929701595 1083.1876413432865
565.6805194652214 1308.4681011419566 67.36439296560772
1458.1039394259485 546.4907092019558 908.6344949651775
368.79796480824984 970.2849558281175 243.69025410917226
135.17616768047512 334.1734230101889 576.1355504763185
584.5963528823697 877.8163497459807 1294.672818172875
309.08076025976237 603.4293053915562 1088.1786283226238
770.5923959512081 122.04377410209072 1193.7669624171722
183.15706043137183 1347.7365145628253 736.8271790698905
1078.8059160136602 1193.9423184020675 484.10344227165695
606.8303694959266 1314.8569429738686 275.916483285283
597.7099716775174 823.7505392022356 857.6353568793112
1295.6312992150424 929.8065627202508 716.3218228527132
123.95287522744485 1381.022155691144 1166.6943686954064
678.4251198908714 483.13369346329506 1207.6341856941356
117.05649562018554 534.5102601420481 515.0215278382556
25.22211611202409 383.92581859413735 70.846095518797
4.244373997002981 806.1342164680381 1185.9078022972265
364.654156011159 1275.3431991363404 1495.1161887359362
1270.4659869510851 294.84389967434805 1065.2786976654356
788.6308523319066 1405.2097586705736 1281.2900172176974
1400.633758653495 1213.2691466037734 1301.199167389819
652.8622476245538 247.61610643926116 990.8750961540395
1145.2888588826515 200.9970074356252 612.3177033582419
532.1775714939982 493.80205837856187 435.852276264412
660.6903101280966 597.7852744937621 808.804511440585
526.4802170700998 673.7019389790166 995.2036662287807
275.9211423874713 1464.30658216593 1382.062895461905
261.70907372772155 73.80035795349757 1213.3897897139225
1381.5318116963872 315.99401589616815 1282.878770690122
1128.5704921298939 674.8413986364496 1039.6523360288684
1270.739735700603 1397.2974473160264 1225.02759476029
1128.120163633796 1159.3002666469288 984.2075989391275
1112.2766886499699 1458.3648760390413 241.79795768100172
792.8244045544498 87.51558190092052 28.295765694928964
427.6298082886438 760.3388097107126 163.38775385650953
224.6216835545081 195.77704803146193 919.1992544710416
1065.5631049790143 990.6488109561856 1004.4671105063629
1236.156026258304 711.9003862160642 605.135080011178
1116.4627771143485 1492.4970443434138 1215.2184206569993
1192.9283648377982 526.6232389511563 456.94441953691114
884.7785338213289 927.5215482806872 274.89083916975966
395.10007157335644 678.6020511176508 355.2793247661383
1208.6994540979406 1206.1587903394607 1314.9154670524897
1157.3889540291084 1034.8500866829693 389.2490872598115
731.096163356009 313.62238235885013 1151.4719562124633
937.1337941684401 677.2522788587485 1016.7445182710138
1194.1588535508736 803.6836345023605 167.82068308148666
694.3694637290705 765.0317987865299 480.92518329078916
126.14039537530812 506.08931436707354 1025.5859729591868
1355.5066379658656 1261.0624617236463 175.68157907699882
489.04044316089016 1412.8428875203813 1253.204774949843
1020.7598013582515 902.0129533097768 1485.9329251774677
252.20032388773836 1417.4081690797066 548.3330060745602
1376.4493046475816 902.0573550904929 1030.7084215202203
242.74980734681515 1455.1158191039065 1025.6186703710785
1412.7027115592443 349.3353804084589 796.8507432052909
983.6996905678153 1157.4889527835899 878.8484943652362
652.7066050726512 1284.9913866644424 484.4498682296902
721.3205930938996 1370.7951420642682 117.18324229059579
1407.6069574938988 25.047760236098476 101.52524639895785
76.38644129275946 706.0893855913695 1335.0676076739612
218.37238951156195 319.11360770737764 1337.0480850117658
428.28658272370706 325.4475793526056 1344.1806140713877
274.77050579700375 448.17310079585997 1197.9797940361302
323.1347911063748 1083.2202773428571 62.74108272478523
886.5252615802086 9.97613087302011 655.5585456339286
914.5842244489912 1499.4589262158665 1101.1527541817127
1065.8631279937613 45.58183147563504 489.32845157118544
589.2577831621745 359.30560052991984 857.1794934830804
1161.375779630629 745.6093008582498 1463.701622467307
977.7250529003123 175.537078842579 1433.3452621617812
23.132585961118885 1171.7964864327625 830.3795366031259
1135.1481302008729 1047.92046045694 792.8661855984199
256.44636184430937 150.543617856219 1395.0783478149513
1248.6867825126678 362.83459248935014 608.2675833137672
507.00602334212095 1146.4605507263825 1.8907312180226654
1028.297265841769 849.2409489764298 914.988697845912
931.9060750449167 750.5100360964577 772.9000784901158
231.4556581195778 1002.6164091020362 795.6366813139746
259.42093525510245 112.05522477525258 411.5414606795061
365.4639506488996 238.42065189396843 360.1279544474732
100.10036999907038 642.7860391436118 827.4095782271017
1311.3702561699513 446.1941325382804 85.08252081079537
745.399757768585 1390.030781825206 952.9390429932496
829.2916472441807 346.2688913567068 962.006674429461
1427.7837264355949 626.94890647234 1144.4246082367056
627.7225213208994 1282.9180755760683 1200.7384395373867
708.9321877165048 436.88312859082885 296.101435122025
660.560228390232 497.38518060378885 653.0899248012602
516.527784935729 1336.3590104240845 823.5620706638192
62.48268503448377 64.79184431885051 293.6706249037606
373.17181876340334 259.9995066483847 28.432809635050326
1090.878896341474 614.7427286284851 119.77232529459239
309.5961348710598 832.5818382705377 753.0181012373108
1428.907038405293 260.44612179189056 1100.8013125077175
73.12813835675631 1326.5188881923752 442.96617794712887
917.2867683040214 492.28180263048256 1469.194619724685
1000.0330041669858 705.2931770224172 301.8805600131625
207.52606266124215 789.84925010855 1156.680390154414
1289.1250555482477 115.86241192913612 1384.0916090037033
136.01440855826297 1162.2858361605497 1247.3644888107083
844.6048135026045 599.4474264780847 858.9630073562844
83.79974008233779 889.3770868214756 459.3500247069209
343.50732971654355 1142.5844269995457 1308.3299194422004
109.1061112255629 102.15450232787653 1052.1586105304712
703.423891899612 173.11110126808205 400.77111256093184
1002.7654640482717 900.616835023427 468.2320913643505
454.55330597342345 1496.5704864564518 303.06979083380924
61.197927402466114 508.2232077636828 703.0930502374116
1436.8089999419171 554.3090412847023 204.12356205739425
451.0466132567473 1170.469860876417 906.6550415120059
1337.950842838061 503.78272466444906 719.4455902075365
60.508596493382534 201.9349865975364 1243.7055093789775
1265.3597428651067 1168.497497774217 1107.9899039527063
1322.2829807208625 631.1630603281128 389.5352303779713
136.8714427911936 967.2807062900233 1234.411482958674
1192.9810194582083 1265.5306603812828 306.2291877708368
602.2580841803581 36.793403283401354 147.6228107684863
1132.0146649201636 1133.9785975102275 1456.6899917459868
39.24445367616879 1140.1506909073719 274.4536587053524
1434.4248868418858 340.9670831509693 229.42875306827025
1285.207493578474 689.5169439565753 833.8893268125066
1213.2483333922544 86.14930937698357 80.77698521534678
269.2156332831465 105.0643290374357 216.35630315648302
623.9990723596062 953.9381364287392 739.9250437864598
592.9290679869194 213.36942394511988 1460.6856544053862
1100.6516268167052 1275.7525292966966 1159.3191263359201
1271.2624191560133 1171.1431246652187 494.0600229966342
562.3561121277161 1004.5674210690413 334.0120972036236
272.78487892591033 878.2270111351351 46.908530391147835
567.1826791010027 1166.7488253208833 414.3864690807133
571.8541755332408 1472.265707087467 450.58299208365446
970.7484365638845 145.02849325146985 935.5606301098813
931.3650628278376 1496.490714205967 907.4157301020917
59.5980081488037 164.5511090967407 133.54171956203157
1490.9566799395805 584.461131327294 8.399863755099213
532.287139154216 1143.7946140765218 637.9394595452038
1317.497674916908 1446.6308220307449 896.708844796788
736.6269554487978 645.2483918466417 975.8318904076716
745.165222445021 319.54777803484126 686.466332637086
369.86604388676045 232.6070070843908 1191.4819203021887
690.2510721834609 1485.8512707777295 558.6453254837572
605.7879633632114 1259.4028601602292 993.2577612194294
810.2869695746047 602.506044036882 1330.719560815455
94.77249925347797 1243.8831662934329 630.6819776922233
336.4722648649792 233.90908623396234 582.2770794157632
469.5283055477149 444.8549558204966 771.2754238904175
328.5192021369987 567.7683776354049 136.3710361623757
1137.6401101329318 1467.495995887022 663.2317707113795
1294.7625000036928 834.4815922179687 357.9218666930455
464.48493594180803 1350.404230228003 1041.0415719601085
364.84976541635984 334.96093908397813 880.6673729927618
1052.3724828675245 600.276048990076 1321.3173838315433
1338.3998992209345 705.9658731547061 1047.95307765311
99.70867668099321 25.51333369700184 470.6646392633459
1158.4570972154565 1385.0112812314374 1388.0305831587339
418.5711484162763 207.43275996021532 775.5479944283245
465.58944155383057 692.0110450692803 773.8064360619913
1135.8753751705992 874.0347846215273 741.6617807539916
468.48469255594694 509.3984482841785 955.5199927955839
810.0037520923115 854.3291150482703 600.7636310591154
1410.9123065254673 832.9143117538995 60.0105960591451
1046.2509019406325 1281.7951962486936 183.7830146303773
961.8440020017813 555.256693438151 493.2081351984621
138.00648277769784 476.32427303875386 198.2914170576675
1187.7069549200824 352.63056514957884 761.8523107510266
663.5938620560961 1289.479697157508 1387.18996315086
1162.9141805890033 235.20386855027326 50.194229853745064
29.743278390159197 1307.604397715023 1355.3800119986818
487.65742080439946 958.7517475387393 105.99299276240001
1231.9612831800812 194.87726064669928 1206.210725100947
276.19656743739733 758.6910420122362 208.1225785450069
332.7170553792437 862.7198834947611 1290.3916905077851
245.17402182769257 196.9122888981848 762.741887660932
407.0128399933555 1271.2768141652143 712.9079399411422
1314.8046445601472 833.0102839596703 1185.0845771183451
881.8175865667008 552.325229205768 145.2527151612938
1467.886696332255 1337.6249248595611 790.4389973781548
1174.4469838154737 874.7856400448553 541.1780517792495
53.66121286359817 1488.55685922215 1460.0717333534483
191.67130194847294 969.3409923243767 242.48653680859294
1120.6569010322758 307.8829550412154 965.0412238471093
998.5186205150402 1231.4559869186794 68.74308534810316
1324.0017584039012 1437.4773111906534 257.24257708644484
916.5063818185344 1132.1414418415156 1106.1183684638322
652.8558433346794 495.4329440444002 1023.2870736466097
1209.7373332431641 1392.0536517500573 463.6155811042527
400.3303668391696 38.008852631470766 503.8440587777669
1291.7528704554202 1364.2902532963865 701.2622423340902
1367.2104692362454 787.199656048344 516.5755774284413
1374.2140881650128 105.66379372608628 1284.1191719654018
550.2423933973629 843.3537061273576 285.8408316392591
286.5001581795777 1021.0847808588636 1160.7084834637624
1016.6207413201829 937.2649702234675 656.0865125466196
647.5965150626641 326.9478404898119 454.8095837785412
333.2548877411007 873.1529804171176 397.6809168389182
231.29587781661036 473.7422354912831 24.00023812279451
786.9425618734921 1301.0248668549277 627.5981406581636
354.9088964253001 1.7402613645790552 700.7465476857243
90.57712332571265 1288.782880171994 955.0797408345433
1186.4597687651499 816.1062444269353 1306.5397959230716
1215.5404734923147 871.6577280961029 943.3993404327346
640.2335507892699 1452.127872161651 1373.9296808697136
732.2038110002953 562.8586352918098 506.4131283974036
1160.0390833586816 545.8565256840785 1453.8416720416358
309.96719020297036 391.5402438653802 1032.7127166898147
1430.1487861386324 737.262393336464 197.44176456642987
997.9856200150523 664.7363778832922 1183.4849394894982
445.8620797422234 753.7198389902189 1200.957552762841
755.8598379074043 1156.6716168482087 953.5244742569922
1489.8611558865623 1058.4800520854133 1408.2420731649072
1489.5996056046267 1241.7857090255095 1135.6602351719434
819.7893188830242 496.93976721635863 675.7400330263162
441.3720468611384 1027.6807082025125 766.5377611077735
820.2403521014686 799.6239679184412 68.71260211074002
123.5658957751446 615.2510707022636 1162.9855477425663
487.14202774614006 857.0884379394445 680.0585743270357
569.0186280753552 962.3933283420818 567.5126292437839
1394.3497439848063 1120.851631240809 664.9224967551022
733.5585390560707 380.07800057065396 1381.84094471401
843.9455239296148 1338.1110655869747 1443.7955487429408
1136.310235385186 815.1583581717642 1124.3804564361833
1067.4762500158731 495.9864991303003 1135.6810308068461
605.2710450307535 867.7357551687647 1060.2019095916826
945.8048186182931 1109.3748108598745 1438.7322786685818
1285.3104214018892 1130.8987989889436 790.1315179665776
1002.3269640899172 1293.0154657025812 1353.160140158442
1269.972645390177 33.34019309236855 1065.6158794877701
525.3592904958557 545.4767442532082 206.8425414377296
966.5466296709527 1299.1158973472004 987.0106764280362
542.3861639103217 160.57059503881248 349.9975867845697
1475.0820204025758 997.8577533435277 825.0790025056841
1214.479758242988 220.26666609475433 467.25750432185976
1209.8982498525618 1330.462707234184 99.9016542374457
1375.6287902180961 463.66463017989065 1092.716496943222
133.69396131463068 799.446677454884 252.8929440817489
939.8443476020411 8.577167542317907 1317.2898836998252
986.8616924962935 890.3925568677739 1126.766019458094
1245.8176094918056 518.8158246013795 1048.877841177022
822.010359975242 782.9852686940645 1361.3058185093305
541.1963619843834 1102.6843012167335 1286.2045095039723
1449.275924033865 370.10591828125723 589.6917025624647
301.5894217045746 681.8836084687937 1449.788966659894
141.32413974620223 1076.2031648410475 99.73274615643871
260.39933257609067 701.9376695510365 957.2110853368127
938.5089565108741 1046.4476463190256 482.95587298189673
218.29339987526546 1020.0583273018395 1386.6506051674592
271.698370101541 399.5390847706593 665.373560890902
875.1771030259042 1220.1882769793465 455.5098060093979
1326.783922368421 67.20942566208268 744.6096069644532
738.9432972460136 458.3537802854736 868.2899066089818
1223.282083255023 621.862094968665 249.11284669164252
817.3272011764138 787.3125631295254 1147.165401600322
3.2605995236589083 1437.3707179787382 1015.6620968887355
414.17475890953517 1454.8946571485408 161.06953641658018
1052.4045085658588 528.3175857029406 312.39408073537425
164.60125883140694 537.0648787522128 1344.761650864772
856.1299812093282 115.05906828270176 477.2655431522953
528.0542896852752 629.6647583131544 1346.9243794565857
600.9366664935768 973.149029283484 1470.163340386734
168.74350153706948 298.73852654160555 1100.7863570431361
714.3111294210127 169.5740721512425 621.6167970969602
982.621795439493 142.15367384910883 1232.5426652713234
805.580298472239 944.6992861904417 1446.4840846421525
536.1363084270661 342.18921411835424 273.3606052933652
1296.2809114863976 940.5313598210964 194.99695494255167
242.7421573850606 1155.779640422484 824.3492996349607
42.046918294781086 1362.7474152815373 278.3500737868652
766.1867950587736 963.6060520031696 975.2079182232025
535.2914092015972 1035.386930811815 966.049025283606
1086.8432188811444 646.2743481977784 823.6486910336772
1308.8580130603311 336.1759602617737 430.0331766656953
1260.5424791268752 1012.932883427938 913.2268468806795
976.5346078437291 554.5573443675892 712.8033270489104
47.47422876874185 384.8111455800819 1400.1483820833705
990.9227128667504 83.62724290727874 734.6406542309759
205.94274258045354 73.15154095025827 637.2351024343183
1272.9667810514502 1252.3970445666155 909.1097333110486
467.6015889159078 110.10676161088331 1340.6688688248894
895.5396694613165 958.7616188127816 800.705796332963
221.69686964530752 402.14650655730827 410.81860535903706
596.2668051253155 162.71740192733358 805.6605479761679
783.0862694414956 1286.1167800717178 1111.4772868389493
1376.7630962364863 1320.2126823738865 1013.9005220920359
1438.7893550473766 814.2206342519825 860.6328425993445
1297.8601396484974 1040.9373147753436 1306.3424433540895
362.98749896145677 463.7915445256993 295.3955315214694
363.12247496484633 1047.4802694001016 974.7115557418726
732.3816858703499 923.3105493458004 402.6916035559036
985.0963441447997 1117.3601123189255 297.66534883200165
1492.6063799557417 124.78391010881887 843.5528638316406
826.0875679592115 270.5843238849338 279.22464599778925
55.782347151372306 419.4523213353349 1181.8046854427153
1007.1827866669156 742.9515599744698 602.952061841473
316.17928287631526 329.0283740064786 189.663862895936
1417.2047438185878 109.55671686419268 1052.0438278609079
1387.3543442762445 1289.9717926949404 373.75196315670274
1489.9849881308603 1106.6228142266607 474.79794937041356
518.3221589827274 155.8733116158362 565.0744613943292
157.62286841708803 598.8860108684756 296.19968187182013
419.85398094078494 1082.1934748502179 454.73467085485566
1108.7513661074986 448.80540139981565 132.78225339104614
466.8778909930537 1169.085449088022 1120.6013521018072
1266.8716896381568 954.4684816320324 10.62890531280595
1436.259488698069 534.4270664077658 1281.6788599601953
1342.0521095351987 1083.3032648863548 315.4700169089666
706.4203319097519 605.0995304652054 160.63555147812926
739.6222754850183 598.8646646600607 1486.73761344126
975.184385340556 157.3098690028863 124.11168207365638
1328.0870324388804 1388.799115899593 1419.3818524540789
448.12080043872294 15.30501303397305 1486.5536561824938
540.1447763010356 3.9257142663784634 699.875029945764
908.1603825597091 394.66710549340763 262.47156371019616
649.9119715946044 672.1293760104938 1182.751585681579
631.8631928573618 1337.8587719230866 728.0466133978998
781.7285205834849 763.3223480323863 253.835245482392
137.86642138818522 690.2849584347707 75.77336622293244
598.0981936615035 666.7364941098251 333.85405441847075
1142.6139722524654 540.4059516914828 601.239089005717
440.1541545969039 537.5514453922085 637.9885807049868
59.487057486134034 711.2562664393295 592.5315343578692
1475.867294155681 928.0402171444276 305.1220452651579
36.322538689897996 133.63170229571512 644.3931454259059
657.8164868191662 771.4784780304333 1434.6352653545928
1314.0551811897112 644.9929282285032 64.53508940907142
1084.2879112959595 384.4932103653466 459.15599080559883
845.0336854664079 518.2994369325482 1057.3239989461542
1017.9200175277992 356.74763919964994 612.6916737554591
314.5802929044262 554.6904206948258 480.5168342039193
1406.7352614100666 1056.4356755805397 133.8443418340412
750.2554367687898 1120.3420118545073 321.7650523357914
887.8856689513433 476.03072270162585 1234.084973686615
1427.232610337757 1491.3341657719095 435.94866237235635
367.09964938954596 762.6977373134652 560.9192274244459
86.08354921219608 910.9905663091266 96.3700469805239
929.9598130767605 60.31756322820628 317.6928176128319
782.8998039044767 177.4953340185991 809.7207533616988
924.9743161405169 267.9998029520325 1095.9379363464373
749.4694303228289 6.8937609900185635 777.2260115771037
1382.4791604447732 236.24392709553436 11.226260558233893
1304.7277345651942 193.00014392727468 901.408794995845
1027.0477024576162 1443.9185646652693 27.274250340703958
247.9481969101332 1187.3191383020514 294.10753682492805
454.6758539965632 794.6642292717275 1429.4260802739536
701.4859143804683 952.3176482422538 143.38072797867352
1310.826984836905 57.9261234087014 558.7915116079732
1103.310720976625 135.16702648580073 270.7414642391533
1062.0179128723432 1110.8119688491768 1215.5076476316583
392.4292333788425 28.187511824131636 885.1807350040052
773.4192935597168 1351.7419471693916 341.25000923426717
936.455667173299 198.98856032103384 626.1809372249162
201.16230877597428 868.7457079162729 593.7713365587459
1095.4940571434306 301.715367597603 1191.4496979059502
99.89250095965943 837.1310756205236 780.9713094208527
30.941302238025443 1448.825828457325 646.4054144507995
1449.9169538666551 896.3602689270883 1355.9748461161591
1124.2361826872545 1373.885508147036 1012.3864192933925
901.7527859582304 1431.601068794719 163.36253803661234
257.24516005070313 86.86720189316635 72.49019936065345
994.0386749019785 233.07839849718442 443.5902192596855
203.98805055728235 720.8596660224506 445.1201298112948
163.66183492757472 407.5934352817187 874.1387257334491
428.5767669020031 348.996996875252 478.25649777069225
1259.7643754609721 450.57736431584027 313.68164072899896
1067.1896934508386 301.82141032612384 274.86059966923085
982.0721936636241 778.6607056730742 1309.026919214715
1025.9414352626486 1331.5387803784242 584.6173030378018
1298.1396926732502 411.2320300454435 915.5778396216385
1078.7003041243102 1014.2169784972531 142.91002794113146
755.1433367837689 753.3186877058951 794.4919932427133
299.90567121055795 656.5961928395255 1286.0957195158667
982.4766747123182 799.9657281638804 147.97317796582252
249.08007530077177 1446.9045865737014 342.16702691872644
1403.7485473910217 149.2777895008415 238.15831658491902
1161.443810462669 1036.1881447099315 615.0538376907015
915.7083701198776 981.8558142192306 1299.7370593638109
867.4003190501629 1039.8948366449392 130.33801023060434
504.21005214705013 849.0307547604802 480.709792696195
1442.6920257281545 702.4082388932032 708.4940997092313
1417.5568983609603 1438.517822248038 1230.7219200226527
1339.1711075611279 969.6378330021388 508.98920355235765
1102.8665193080387 972.9602032451986 1304.2258289466859
990.3537169949817 354.98755938024885 28.941597868658892
480.9636154577637 1331.2517673074833 570.581124294621
815.4165391471798 1313.3125167621918 809.349627569029
1267.888007851664 98.2622032507414 350.2914743768904
1354.3389822346358 229.76089759035676 673.7404170687311
580.8929351046536 447.93369698126827 1394.8258139270374
392.26954275926244 870.8069616398622 1066.2288699849582
200.6019140979534 1026.0174392783404 436.66962497586593
1202.7668924025083 327.23323118428556 1423.368139442405
467.30521804742654 1153.7070813870662 218.8757979584652
1323.600408777069 1196.842467220311 1463.9467380472324
169.16211378356473 1222.3323752358249 1467.5852752169292
1159.6206394331148 4.817444200129351 869.4511474590279
1121.8712440634872 1281.5198160540099 814.1424191918976
651.8860791625651 1119.073865362449 1118.6258614619517
871.9103686123249 297.88184231704236 1331.933556239003
317.5832691989324 1338.639071185276 1195.1586393308962
1347.5508734409214 480.90596175485655 1405.223800261115
1457.7660827095242 1031.2913909010897 1188.6812485197968
829.9080259648532 779.3770748285838 967.5747877153163
1233.5523536123717 443.37707650981133 1242.705004080866
90.99492129020567 301.7260890381076 756.4736145986307
265.0813667810643 529.9637600189394 847.8519972826698
461.5520079536008 171.49691327731773 178.09576029247157
51.11087420521539 725.7806206427348 1000.6343898459743
521.229850319008 592.4413215726335 22.81673666089138
588.5432689950383 281.5495580213987 1277.626781574719
432.5160706643663 892.0620585455459 884.8918543528288
221.9227057579256 643.5947765651733 655.0868943475783
229.6943767594918 1404.566025376989 76.57555464155139
128.64672912209983 1042.939012425156 640.2409387071554
479.41896302273113 389.0794787730383 86.63791254720331
608.74652398897 770.217855826644 101.42296429768578
690.9798836190331 414.2891613515622 108.05498472096096
1018.3832063571365 486.64653072473175 938.5067178434122
729.964429130182 987.2626777847655 1203.6990489585744
420.21037451510284 1318.7126804493546 413.57887525980794
760.2484363210423 97.62743064499243 1000.9829127300526
323.6232994153724 179.50905633339497 1022.8859498026055
944.4332160822659 338.03086817657095 787.8255391187762
594.1107654170846 1493.1426344569534 941.3039967269273
998.5261432370122 1339.8860839591578 366.54518545253205
1397.59031135304 1315.8789563059927 570.7454175354906
1180.5994950941372 1230.2780508697315 646.0069220518815
639.3006874538628 745.7748991964822 656.7060895942552
707.6104040411277 2.540986035490702 311.30776674646216
1113.8952325236853 121.48300436738634 1031.108096213634
321.73760381234615 1162.9359739136416 616.5876183527506
1351.8850106210589 715.8633726828863 1365.7886454517554
1217.418019398909 997.9330874579044 1115.826120928194
788.2797114027381 107.07115747295423 177.42134168632003
651.7873062771492 238.94121814400972 193.04426813197247
973.6773151498938 1322.9092201800927 1189.3141707064344
10.066581643622692 686.9858871041195 391.97531711738065
1475.0600324778516 912.1049062995125 644.9347041407439
115.61986675128233 284.77617550356945 278.14363125915696
834.4011058868919 1096.0547249013077 668.7470689509219
706.7129198561577 1099.5350138243014 1340.950390903765
1207.0297423905618 1119.0376184498361 159.99405900347685
652.4091460102726 1134.4402641348988 166.86370036272808
149.04494548991627 240.86210291254093 453.24795347101235
79.1633090486634 930.5386804177056 1008.9573323001446
613.8620191620174 1139.4446601351278 794.7476000880605
1051.9382969610301 384.8103787673395 1353.2517413915893
467.0497552924143 508.80478886631585 1187.0946231786504
856.7183154397093 1417.6829186366883 478.246946279186
1153.9133842374865 204.2455582477212 774.665793460786
392.0737324994344 1296.9411835436458 201.6040538698547
44.65502706598222 187.4407983904861 1440.8755207111406
370.73250395287965 972.3052062890779 601.4034278774902
958.9325658230308 686.1722434322168 1479.9675166250504
480.44152986264646 203.73809616009166 974.6997290138257
200.84115993453062 1214.4663562466153 457.4850485840574
812.3363252097033 289.458282375145 55.27866953967505
828.4595982295499 1235.443080535179 208.64952685584362
1113.7332327818756 130.88162883062014 1372.8142704316408
1421.8065183718095 1099.7650804804264 995.8400180321905
229.42878235372118 895.6641940432419 965.3983320849014
132.65520588361005 1091.1200894279552 1014.976945201006
535.5330755003962 666.2644630544557 566.9075431925662
887.9795097287022 741.6400893790678 464.5825062460489
475.67839183522864 1000.9310486235765 1159.6267423321747
836.3792671526923 579.0742717412527 346.6212340057462
187.58013991818686 1257.480041572453 166.45353752493628
525.5689674167288 322.4671842477562 644.0004531613642
